#id,ra,dec
0,0.0,-62.0
1,4.090909004211426,-62.0
2,8.181818008422852,-62.0
3,12.272727012634277,-62.0
4,16.363636016845703,-62.0
5,20.454544067382812,-62.0
6,24.545454025268555,-62.0
7,28.636363983154297,-62.0
8,32.727272033691406,-62.0
9,36.818180084228516,-62.0
10,40.909088134765625,-62.0
11,45.0,-62.0
12,49.09090805053711,-62.0
13,53.18181610107422,-62.0
14,57.272727966308594,-62.0
15,61.3636360168457,-62.0
16,65.45454406738281,-62.0
17,69.54545593261719,-62.0
18,73.63636016845703,-62.0
19,77.7272720336914,-62.0
20,81.81817626953125,-62.0
21,85.90908813476562,-62.0
22,90.0,-62.0
23,94.09090423583984,-62.0
24,98.18181610107422,-62.0
25,102.2727279663086,-62.0
26,106.36363220214844,-62.0
27,110.45454406738281,-62.0
28,114.54545593261719,-62.0
29,118.63636016845703,-62.0
30,122.7272720336914,-62.0
31,126.81817626953125,-62.0
32,130.90908813476562,-62.0
33,135.0,-62.0
34,139.09091186523438,-62.0
35,143.1818084716797,-62.0
36,147.27272033691406,-62.0
37,151.36363220214844,-62.0
38,155.4545440673828,-62.0
39,159.5454559326172,-62.0
40,163.6363525390625,-62.0
41,167.72726440429688,-62.0
42,171.81817626953125,-62.0
43,175.90908813476562,-62.0
44,180.0,-62.0
45,184.09091186523438,-62.0
46,188.1818084716797,-62.0
47,192.27272033691406,-62.0
48,196.36363220214844,-62.0
49,200.4545440673828,-62.0
50,204.5454559326172,-62.0
51,208.6363525390625,-62.0
52,212.72726440429688,-62.0
53,216.81817626953125,-62.0
54,220.90908813476562,-62.0
55,225.0,-62.0
56,229.09091186523438,-62.0
57,233.1818084716797,-62.0
58,237.27272033691406,-62.0
59,241.36363220214844,-62.0
60,245.4545440673828,-62.0
61,249.5454559326172,-62.0
62,253.6363525390625,-62.0
63,257.7272644042969,-62.0
64,261.81817626953125,-62.0
65,265.9090881347656,-62.0
66,270.0,-62.0
67,274.0909118652344,-62.0
68,278.18182373046875,-62.0
69,282.2727355957031,-62.0
70,286.3636169433594,-62.0
71,290.45452880859375,-62.0
72,294.5454406738281,-62.0
73,298.6363525390625,-62.0
74,302.7272644042969,-62.0
75,306.81817626953125,-62.0
76,310.9090881347656,-62.0
77,315.0,-62.0
78,319.0909118652344,-62.0
79,323.18182373046875,-62.0
80,327.272705078125,-62.0
81,331.3636169433594,-62.0
82,335.45452880859375,-62.0
83,339.5454406738281,-62.0
84,343.6363525390625,-62.0
85,347.7272644042969,-62.0
86,351.81817626953125,-62.0
87,355.9090881347656,-62.0
88,0.0,-64.0
89,4.390244007110596,-64.0
90,8.780488014221191,-64.0
91,13.170732498168945,-64.0
92,17.560976028442383,-64.0
93,21.95121955871582,-64.0
94,26.34146499633789,-64.0
95,30.731708526611328,-64.0
96,35.121952056884766,-64.0
97,39.5121955871582,-64.0
98,43.90243911743164,-64.0
99,48.29268264770508,-64.0
100,52.68292999267578,-64.0
101,57.07317352294922,-64.0
102,61.463417053222656,-64.0
103,65.8536605834961,-64.0
104,70.24390411376953,-64.0
105,74.63414764404297,-64.0
106,79.0243911743164,-64.0
107,83.41463470458984,-64.0
108,87.80487823486328,-64.0
109,92.19512176513672,-64.0
110,96.58536529541016,-64.0
111,100.9756088256836,-64.0
112,105.36585998535156,-64.0
113,109.756103515625,-64.0
114,114.14634704589844,-64.0
115,118.53659057617188,-64.0
116,122.92683410644531,-64.0
117,127.31707763671875,-64.0
118,131.7073211669922,-64.0
119,136.09756469726562,-64.0
120,140.48780822753906,-64.0
121,144.8780517578125,-64.0
122,149.26829528808594,-64.0
123,153.65853881835938,-64.0
124,158.0487823486328,-64.0
125,162.43902587890625,-64.0
126,166.8292694091797,-64.0
127,171.21951293945312,-64.0
128,175.60975646972656,-64.0
129,180.0,-64.0
130,184.39024353027344,-64.0
131,188.78048706054688,-64.0
132,193.1707305908203,-64.0
133,197.56097412109375,-64.0
134,201.9512176513672,-64.0
135,206.34146118164062,-64.0
136,210.73171997070312,-64.0
137,215.12196350097656,-64.0
138,219.51220703125,-64.0
139,223.90245056152344,-64.0
140,228.29269409179688,-64.0
141,232.6829376220703,-64.0
142,237.07318115234375,-64.0
143,241.4634246826172,-64.0
144,245.85366821289062,-64.0
145,250.24391174316406,-64.0
146,254.6341552734375,-64.0
147,259.0243835449219,-64.0
148,263.4146423339844,-64.0
149,267.80487060546875,-64.0
150,272.19512939453125,-64.0
151,276.5853576660156,-64.0
152,280.9756164550781,-64.0
153,285.3658752441406,-64.0
154,289.756103515625,-64.0
155,294.1463623046875,-64.0
156,298.5365905761719,-64.0
157,302.9268493652344,-64.0
158,307.31707763671875,-64.0
159,311.70733642578125,-64.0
160,316.0975646972656,-64.0
161,320.4878234863281,-64.0
162,324.8780517578125,-64.0
163,329.268310546875,-64.0
164,333.6585388183594,-64.0
165,338.0487976074219,-64.0
166,342.43902587890625,-64.0
167,346.82928466796875,-64.0
168,351.2195129394531,-64.0
169,355.6097717285156,-64.0
170,0.0,-66.0
171,4.675324440002441,-66.0
172,9.350648880004883,-66.0
173,14.025973320007324,-66.0
174,18.701297760009766,-66.0
175,23.37662124633789,-66.0
176,28.05194664001465,-66.0
177,32.727272033691406,-66.0
178,37.40259552001953,-66.0
179,42.077919006347656,-66.0
180,46.75324249267578,-66.0
181,51.42856979370117,-66.0
182,56.1038932800293,-66.0
183,60.77921676635742,-66.0
184,65.45454406738281,-66.0
185,70.12986755371094,-66.0
186,74.80519104003906,-66.0
187,79.48051452636719,-66.0
188,84.15583801269531,-66.0
189,88.83116149902344,-66.0
190,93.50648498535156,-66.0
191,98.18181610107422,-66.0
192,102.85713958740234,-66.0
193,107.53246307373047,-66.0
194,112.2077865600586,-66.0
195,116.88311004638672,-66.0
196,121.55843353271484,-66.0
197,126.23375701904297,-66.0
198,130.90908813476562,-66.0
199,135.58441162109375,-66.0
200,140.25973510742188,-66.0
201,144.93505859375,-66.0
202,149.61038208007812,-66.0
203,154.28570556640625,-66.0
204,158.96102905273438,-66.0
205,163.6363525390625,-66.0
206,168.31167602539062,-66.0
207,172.98699951171875,-66.0
208,177.66232299804688,-66.0
209,182.337646484375,-66.0
210,187.01296997070312,-66.0
211,191.6883087158203,-66.0
212,196.36363220214844,-66.0
213,201.03895568847656,-66.0
214,205.7142791748047,-66.0
215,210.3896026611328,-66.0
216,215.06492614746094,-66.0
217,219.74024963378906,-66.0
218,224.4155731201172,-66.0
219,229.0908966064453,-66.0
220,233.76622009277344,-66.0
221,238.44154357910156,-66.0
222,243.1168670654297,-66.0
223,247.7921905517578,-66.0
224,252.46751403808594,-66.0
225,257.1428527832031,-66.0
226,261.81817626953125,-66.0
227,266.4934997558594,-66.0
228,271.1688232421875,-66.0
229,275.8441467285156,-66.0
230,280.51947021484375,-66.0
231,285.1947937011719,-66.0
232,289.8701171875,-66.0
233,294.5454406738281,-66.0
234,299.22076416015625,-66.0
235,303.8960876464844,-66.0
236,308.5714111328125,-66.0
237,313.2467346191406,-66.0
238,317.92205810546875,-66.0
239,322.5973815917969,-66.0
240,327.272705078125,-66.0
241,331.9480285644531,-66.0
242,336.62335205078125,-66.0
243,341.2986755371094,-66.0
244,345.9739990234375,-66.0
245,350.6493225097656,-66.0
246,355.32464599609375,-66.0
247,0.0,-68.0
248,5.070422649383545,-68.0
249,10.14084529876709,-68.0
250,15.211267471313477,-68.0
251,20.28169059753418,-68.0
252,25.352113723754883,-68.0
253,30.422534942626953,-68.0
254,35.492958068847656,-68.0
255,40.56338119506836,-68.0
256,45.63380432128906,-68.0
257,50.704227447509766,-68.0
258,55.77465057373047,-68.0
259,60.845069885253906,-68.0
260,65.91549682617188,-68.0
261,70.98591613769531,-68.0
262,76.05634307861328,-68.0
263,81.12676239013672,-68.0
264,86.19718170166016,-68.0
265,91.26760864257812,-68.0
266,96.33802795410156,-68.0
267,101.40845489501953,-68.0
268,106.47887420654297,-68.0
269,111.54930114746094,-68.0
270,116.61972045898438,-68.0
271,121.69013977050781,-68.0
272,126.76056671142578,-68.0
273,131.83099365234375,-68.0
274,136.9014129638672,-68.0
275,141.97183227539062,-68.0
276,147.04225158691406,-68.0
277,152.11268615722656,-68.0
278,157.18310546875,-68.0
279,162.25352478027344,-68.0
280,167.32394409179688,-68.0
281,172.3943634033203,-68.0
282,177.4647979736328,-68.0
283,182.53521728515625,-68.0
284,187.6056365966797,-68.0
285,192.67605590820312,-68.0
286,197.74649047851562,-68.0
287,202.81690979003906,-68.0
288,207.8873291015625,-68.0
289,212.95774841308594,-68.0
290,218.02816772460938,-68.0
291,223.09860229492188,-68.0
292,228.1690216064453,-68.0
293,233.23944091796875,-68.0
294,238.3098602294922,-68.0
295,243.38027954101562,-68.0
296,248.45071411132812,-68.0
297,253.52113342285156,-68.0
298,258.591552734375,-68.0
299,263.6619873046875,-68.0
300,268.7323913574219,-68.0
301,273.8028259277344,-68.0
302,278.8732604980469,-68.0
303,283.94366455078125,-68.0
304,289.01409912109375,-68.0
305,294.0845031738281,-68.0
306,299.1549377441406,-68.0
307,304.2253723144531,-68.0
308,309.2957763671875,-68.0
309,314.3662109375,-68.0
310,319.4366149902344,-68.0
311,324.5070495605469,-68.0
312,329.5774841308594,-68.0
313,334.64788818359375,-68.0
314,339.71832275390625,-68.0
315,344.7887268066406,-68.0
316,349.8591613769531,-68.0
317,354.9295959472656,-68.0
318,0.0,-70.0
319,5.538461685180664,-70.0
320,11.076923370361328,-70.0
321,16.615385055541992,-70.0
322,22.153846740722656,-70.0
323,27.69230842590332,-70.0
324,33.230770111083984,-70.0
325,38.76923370361328,-70.0
326,44.30769348144531,-70.0
327,49.846153259277344,-70.0
328,55.38461685180664,-70.0
329,60.92308044433594,-70.0
330,66.46154022216797,-70.0
331,72.0,-70.0
332,77.53846740722656,-70.0
333,83.0769271850586,-70.0
334,88.61538696289062,-70.0
335,94.15384674072266,-70.0
336,99.69230651855469,-70.0
337,105.23077392578125,-70.0
338,110.76923370361328,-70.0
339,116.30769348144531,-70.0
340,121.84616088867188,-70.0
341,127.3846206665039,-70.0
342,132.92308044433594,-70.0
343,138.4615478515625,-70.0
344,144.0,-70.0
345,149.53846740722656,-70.0
346,155.07693481445312,-70.0
347,160.61538696289062,-70.0
348,166.1538543701172,-70.0
349,171.6923065185547,-70.0
350,177.23077392578125,-70.0
351,182.7692413330078,-70.0
352,188.3076934814453,-70.0
353,193.84616088867188,-70.0
354,199.38461303710938,-70.0
355,204.92308044433594,-70.0
356,210.4615478515625,-70.0
357,216.0,-70.0
358,221.53846740722656,-70.0
359,227.07693481445312,-70.0
360,232.61538696289062,-70.0
361,238.1538543701172,-70.0
362,243.69232177734375,-70.0
363,249.23077392578125,-70.0
364,254.7692413330078,-70.0
365,260.3077087402344,-70.0
366,265.8461608886719,-70.0
367,271.3846130371094,-70.0
368,276.923095703125,-70.0
369,282.4615478515625,-70.0
370,288.0,-70.0
371,293.5384826660156,-70.0
372,299.0769348144531,-70.0
373,304.6153869628906,-70.0
374,310.15386962890625,-70.0
375,315.69232177734375,-70.0
376,321.23077392578125,-70.0
377,326.76922607421875,-70.0
378,332.3077087402344,-70.0
379,337.8461608886719,-70.0
380,343.3846130371094,-70.0
381,348.923095703125,-70.0
382,354.4615478515625,-70.0
383,0.0,-72.0
384,6.1016950607299805,-72.0
385,12.203390121459961,-72.0
386,18.305084228515625,-72.0
387,24.406780242919922,-72.0
388,30.50847625732422,-72.0
389,36.61016845703125,-72.0
390,42.71186447143555,-72.0
391,48.813560485839844,-72.0
392,54.91525650024414,-72.0
393,61.01695251464844,-72.0
394,67.11864471435547,-72.0
395,73.2203369140625,-72.0
396,79.32203674316406,-72.0
397,85.4237289428711,-72.0
398,91.52542877197266,-72.0
399,97.62712097167969,-72.0
400,103.72881317138672,-72.0
401,109.83051300048828,-72.0
402,115.93220520019531,-72.0
403,122.03390502929688,-72.0
404,128.13558959960938,-72.0
405,134.23728942871094,-72.0
406,140.3389892578125,-72.0
407,146.440673828125,-72.0
408,152.54237365722656,-72.0
409,158.64407348632812,-72.0
410,164.7457733154297,-72.0
411,170.8474578857422,-72.0
412,176.94915771484375,-72.0
413,183.0508575439453,-72.0
414,189.1525421142578,-72.0
415,195.25424194335938,-72.0
416,201.35594177246094,-72.0
417,207.45762634277344,-72.0
418,213.559326171875,-72.0
419,219.66102600097656,-72.0
420,225.76271057128906,-72.0
421,231.86441040039062,-72.0
422,237.9661102294922,-72.0
423,244.06781005859375,-72.0
424,250.16949462890625,-72.0
425,256.27117919921875,-72.0
426,262.3728942871094,-72.0
427,268.4745788574219,-72.0
428,274.5762634277344,-72.0
429,280.677978515625,-72.0
430,286.7796630859375,-72.0
431,292.88134765625,-72.0
432,298.9830627441406,-72.0
433,305.0847473144531,-72.0
434,311.18646240234375,-72.0
435,317.28814697265625,-72.0
436,323.38983154296875,-72.0
437,329.4915466308594,-72.0
438,335.5932312011719,-72.0
439,341.6949157714844,-72.0
440,347.796630859375,-72.0
441,353.8983154296875,-72.0
442,0.0,-74.0
443,6.792452812194824,-74.0
444,13.584905624389648,-74.0
445,20.377357482910156,-74.0
446,27.169811248779297,-74.0
447,33.96226501464844,-74.0
448,40.75471496582031,-74.0
449,47.54716873168945,-74.0
450,54.339622497558594,-74.0
451,61.132076263427734,-74.0
452,67.92453002929688,-74.0
453,74.71697998046875,-74.0
454,81.50942993164062,-74.0
455,88.30188751220703,-74.0
456,95.0943374633789,-74.0
457,101.88679504394531,-74.0
458,108.67924499511719,-74.0
459,115.47169494628906,-74.0
460,122.26415252685547,-74.0
461,129.05661010742188,-74.0
462,135.84906005859375,-74.0
463,142.64151000976562,-74.0
464,149.4339599609375,-74.0
465,156.22640991210938,-74.0
466,163.01885986328125,-74.0
467,169.8113250732422,-74.0
468,176.60377502441406,-74.0
469,183.39622497558594,-74.0
470,190.1886749267578,-74.0
471,196.9811248779297,-74.0
472,203.77359008789062,-74.0
473,210.5660400390625,-74.0
474,217.35848999023438,-74.0
475,224.15093994140625,-74.0
476,230.94338989257812,-74.0
477,237.73585510253906,-74.0
478,244.52830505371094,-74.0
479,251.3207550048828,-74.0
480,258.11322021484375,-74.0
481,264.9056701660156,-74.0
482,271.6981201171875,-74.0
483,278.4905700683594,-74.0
484,285.28302001953125,-74.0
485,292.0754699707031,-74.0
486,298.867919921875,-74.0
487,305.6603698730469,-74.0
488,312.45281982421875,-74.0
489,319.2452697753906,-74.0
490,326.0377197265625,-74.0
491,332.8302001953125,-74.0
492,339.6226501464844,-74.0
493,346.41510009765625,-74.0
494,353.2075500488281,-74.0
495,0.0,-76.0
496,7.659574508666992,-76.0
497,15.319149017333984,-76.0
498,22.978723526000977,-76.0
499,30.63829803466797,-76.0
500,38.297874450683594,-76.0
501,45.95744705200195,-76.0
502,53.61701965332031,-76.0
503,61.27659606933594,-76.0
504,68.93617248535156,-76.0
505,76.59574890136719,-76.0
506,84.25531768798828,-76.0
507,91.9148941040039,-76.0
508,99.57447052001953,-76.0
509,107.23403930664062,-76.0
510,114.89361572265625,-76.0
511,122.55319213867188,-76.0
512,130.2127685546875,-76.0
513,137.87234497070312,-76.0
514,145.53192138671875,-76.0
515,153.19149780273438,-76.0
516,160.85105895996094,-76.0
517,168.51063537597656,-76.0
518,176.1702117919922,-76.0
519,183.8297882080078,-76.0
520,191.48936462402344,-76.0
521,199.14894104003906,-76.0
522,206.8085174560547,-76.0
523,214.46807861328125,-76.0
524,222.12765502929688,-76.0
525,229.7872314453125,-76.0
526,237.44680786132812,-76.0
527,245.10638427734375,-76.0
528,252.76596069335938,-76.0
529,260.425537109375,-76.0
530,268.0851135253906,-76.0
531,275.74468994140625,-76.0
532,283.4042663574219,-76.0
533,291.0638427734375,-76.0
534,298.7234191894531,-76.0
535,306.38299560546875,-76.0
536,314.04254150390625,-76.0
537,321.7021179199219,-76.0
538,329.3616943359375,-76.0
539,337.0212707519531,-76.0
540,344.68084716796875,-76.0
541,352.3404235839844,-76.0
542,0.0,-78.0
543,8.780488014221191,-78.0
544,17.560976028442383,-78.0
545,26.34146499633789,-78.0
546,35.121952056884766,-78.0
547,43.90243911743164,-78.0
548,52.68292999267578,-78.0
549,61.463417053222656,-78.0
550,70.24390411376953,-78.0
551,79.0243911743164,-78.0
552,87.80487823486328,-78.0
553,96.58536529541016,-78.0
554,105.36585998535156,-78.0
555,114.14634704589844,-78.0
556,122.92683410644531,-78.0
557,131.7073211669922,-78.0
558,140.48780822753906,-78.0
559,149.26829528808594,-78.0
560,158.0487823486328,-78.0
561,166.8292694091797,-78.0
562,175.60975646972656,-78.0
563,184.39024353027344,-78.0
564,193.1707305908203,-78.0
565,201.9512176513672,-78.0
566,210.73171997070312,-78.0
567,219.51220703125,-78.0
568,228.29269409179688,-78.0
569,237.07318115234375,-78.0
570,245.85366821289062,-78.0
571,254.6341552734375,-78.0
572,263.4146423339844,-78.0
573,272.19512939453125,-78.0
574,280.9756164550781,-78.0
575,289.756103515625,-78.0
576,298.5365905761719,-78.0
577,307.31707763671875,-78.0
578,316.0975646972656,-78.0
579,324.8780517578125,-78.0
580,333.6585388183594,-78.0
581,342.43902587890625,-78.0
582,351.2195129394531,-78.0
583,0.0,-80.0
584,10.285714149475098,-80.0
585,20.571428298950195,-80.0
586,30.85714340209961,-80.0
587,41.14285659790039,-80.0
588,51.42856979370117,-80.0
589,61.71428680419922,-80.0
590,72.0,-80.0
591,82.28571319580078,-80.0
592,92.57142639160156,-80.0
593,102.85713958740234,-80.0
594,113.14285278320312,-80.0
595,123.42857360839844,-80.0
596,133.7142791748047,-80.0
597,144.0,-80.0
598,154.28570556640625,-80.0
599,164.57142639160156,-80.0
600,174.85714721679688,-80.0
601,185.14285278320312,-80.0
602,195.42857360839844,-80.0
603,205.7142791748047,-80.0
604,216.0,-80.0
605,226.28570556640625,-80.0
606,236.57142639160156,-80.0
607,246.85714721679688,-80.0
608,257.1428527832031,-80.0
609,267.4285583496094,-80.0
610,277.71429443359375,-80.0
611,288.0,-80.0
612,298.28570556640625,-80.0
613,308.5714111328125,-80.0
614,318.8571472167969,-80.0
615,329.1428527832031,-80.0
616,339.4285583496094,-80.0
617,349.71429443359375,-80.0
618,0.0,-82.0
619,12.413793563842773,-82.0
620,24.827587127685547,-82.0
621,37.24137878417969,-82.0
622,49.655174255371094,-82.0
623,62.0689697265625,-82.0
624,74.48275756835938,-82.0
625,86.89655303955078,-82.0
626,99.31034851074219,-82.0
627,111.7241439819336,-82.0
628,124.137939453125,-82.0
629,136.55172729492188,-82.0
630,148.96551513671875,-82.0
631,161.3793182373047,-82.0
632,173.79310607910156,-82.0
633,186.2069091796875,-82.0
634,198.62069702148438,-82.0
635,211.03448486328125,-82.0
636,223.4482879638672,-82.0
637,235.86207580566406,-82.0
638,248.27587890625,-82.0
639,260.6896667480469,-82.0
640,273.10345458984375,-82.0
641,285.5172424316406,-82.0
642,297.9310302734375,-82.0
643,310.3448486328125,-82.0
644,322.7586364746094,-82.0
645,335.17242431640625,-82.0
646,347.5862121582031,-82.0
647,0.0,-84.0
648,16.363636016845703,-84.0
649,32.727272033691406,-84.0
650,49.09090805053711,-84.0
651,65.45454406738281,-84.0
652,81.81817626953125,-84.0
653,98.18181610107422,-84.0
654,114.54545593261719,-84.0
655,130.90908813476562,-84.0
656,147.27272033691406,-84.0
657,163.6363525390625,-84.0
658,180.0,-84.0
659,196.36363220214844,-84.0
660,212.72726440429688,-84.0
661,229.09091186523438,-84.0
662,245.4545440673828,-84.0
663,261.81817626953125,-84.0
664,278.18182373046875,-84.0
665,294.5454406738281,-84.0
666,310.9090881347656,-84.0
667,327.272705078125,-84.0
668,343.6363525390625,-84.0
669,0.0,-86.0
670,22.5,-86.0
671,45.0,-86.0
672,67.5,-86.0
673,90.0,-86.0
674,112.5,-86.0
675,135.0,-86.0
676,157.5,-86.0
677,180.0,-86.0
678,202.5,-86.0
679,225.0,-86.0
680,247.5,-86.0
681,270.0,-86.0
682,292.5,-86.0
683,315.0,-86.0
684,337.5,-86.0
685,0.0,-88.0
686,36.0,-88.0
687,72.0,-88.0
688,108.0,-88.0
689,144.0,-88.0
690,180.0,-88.0
691,216.0,-88.0
692,252.0,-88.0
693,288.0,-88.0
694,324.0,-88.0
695,0.0,-90.0
696,0.0,-30.0
697,2.2784810066223145,-30.0
698,4.556962013244629,-30.0
699,6.835443019866943,-30.0
700,9.113924026489258,-30.0
701,11.392404556274414,-30.0
702,13.670886039733887,-30.0
703,15.94936752319336,-30.0
704,18.227848052978516,-30.0
705,20.506328582763672,-30.0
706,22.784809112548828,-30.0
707,25.063291549682617,-30.0
708,27.341772079467773,-30.0
709,29.62025260925293,-30.0
710,31.89873504638672,-30.0
711,34.177215576171875,-30.0
712,36.45569610595703,-30.0
713,38.73417663574219,-30.0
714,41.012657165527344,-30.0
715,43.2911376953125,-30.0
716,45.569618225097656,-30.0
717,47.84810256958008,-30.0
718,50.126583099365234,-30.0
719,52.40506362915039,-30.0
720,54.68354415893555,-30.0
721,56.9620246887207,-30.0
722,59.24050521850586,-30.0
723,61.518985748291016,-30.0
724,63.79747009277344,-30.0
725,66.0759506225586,-30.0
726,68.35443115234375,-30.0
727,70.6329116821289,-30.0
728,72.91139221191406,-30.0
729,75.18987274169922,-30.0
730,77.46835327148438,-30.0
731,79.74683380126953,-30.0
732,82.02531433105469,-30.0
733,84.30379486083984,-30.0
734,86.582275390625,-30.0
735,88.86075592041016,-30.0
736,91.13923645019531,-30.0
737,93.417724609375,-30.0
738,95.69620513916016,-30.0
739,97.97468566894531,-30.0
740,100.25316619873047,-30.0
741,102.53164672851562,-30.0
742,104.81012725830078,-30.0
743,107.08860778808594,-30.0
744,109.3670883178711,-30.0
745,111.64556884765625,-30.0
746,113.9240493774414,-30.0
747,116.20252990722656,-30.0
748,118.48101043701172,-30.0
749,120.75949096679688,-30.0
750,123.03797149658203,-30.0
751,125.31645202636719,-30.0
752,127.59494018554688,-30.0
753,129.8734130859375,-30.0
754,132.1519012451172,-30.0
755,134.4303741455078,-30.0
756,136.7088623046875,-30.0
757,138.98733520507812,-30.0
758,141.2658233642578,-30.0
759,143.54429626464844,-30.0
760,145.82278442382812,-30.0
761,148.1012725830078,-30.0
762,150.37974548339844,-30.0
763,152.65823364257812,-30.0
764,154.93670654296875,-30.0
765,157.21519470214844,-30.0
766,159.49366760253906,-30.0
767,161.77215576171875,-30.0
768,164.05062866210938,-30.0
769,166.32911682128906,-30.0
770,168.6075897216797,-30.0
771,170.88607788085938,-30.0
772,173.16455078125,-30.0
773,175.4430389404297,-30.0
774,177.7215118408203,-30.0
775,180.0,-30.0
776,182.27847290039062,-30.0
777,184.5569610595703,-30.0
778,186.83544921875,-30.0
779,189.11392211914062,-30.0
780,191.3924102783203,-30.0
781,193.67088317871094,-30.0
782,195.94937133789062,-30.0
783,198.22784423828125,-30.0
784,200.50633239746094,-30.0
785,202.78480529785156,-30.0
786,205.06329345703125,-30.0
787,207.34176635742188,-30.0
788,209.62025451660156,-30.0
789,211.8987274169922,-30.0
790,214.17721557617188,-30.0
791,216.4556884765625,-30.0
792,218.7341766357422,-30.0
793,221.01266479492188,-30.0
794,223.2911376953125,-30.0
795,225.5696258544922,-30.0
796,227.8480987548828,-30.0
797,230.1265869140625,-30.0
798,232.40505981445312,-30.0
799,234.6835479736328,-30.0
800,236.96202087402344,-30.0
801,239.24050903320312,-30.0
802,241.51898193359375,-30.0
803,243.79747009277344,-30.0
804,246.07594299316406,-30.0
805,248.35443115234375,-30.0
806,250.63290405273438,-30.0
807,252.91139221191406,-30.0
808,255.18988037109375,-30.0
809,257.4683532714844,-30.0
810,259.746826171875,-30.0
811,262.02532958984375,-30.0
812,264.3038024902344,-30.0
813,266.582275390625,-30.0
814,268.8607482910156,-30.0
815,271.1392517089844,-30.0
816,273.417724609375,-30.0
817,275.6961975097656,-30.0
818,277.97467041015625,-30.0
819,280.253173828125,-30.0
820,282.5316467285156,-30.0
821,284.81011962890625,-30.0
822,287.0885925292969,-30.0
823,289.3670959472656,-30.0
824,291.64556884765625,-30.0
825,293.9240417480469,-30.0
826,296.2025451660156,-30.0
827,298.48101806640625,-30.0
828,300.7594909667969,-30.0
829,303.0379638671875,-30.0
830,305.31646728515625,-30.0
831,307.5949401855469,-30.0
832,309.8734130859375,-30.0
833,312.1518859863281,-30.0
834,314.4303894042969,-30.0
835,316.7088623046875,-30.0
836,318.9873352050781,-30.0
837,321.26580810546875,-30.0
838,323.5443115234375,-30.0
839,325.8227844238281,-30.0
840,328.10125732421875,-30.0
841,330.3797607421875,-30.0
842,332.6582336425781,-30.0
843,334.93670654296875,-30.0
844,337.2151794433594,-30.0
845,339.4936828613281,-30.0
846,341.77215576171875,-30.0
847,344.0506286621094,-30.0
848,346.3291015625,-30.0
849,348.60760498046875,-30.0
850,350.8860778808594,-30.0
851,353.16455078125,-30.0
852,355.4430236816406,-30.0
853,357.7215270996094,-30.0
854,0.0,-32.0
855,2.322580575942993,-32.0
856,4.645161151885986,-32.0
857,6.967741966247559,-32.0
858,9.290322303771973,-32.0
859,11.612902641296387,-32.0
860,13.935483932495117,-32.0
861,16.25806427001953,-32.0
862,18.580644607543945,-32.0
863,20.90322494506836,-32.0
864,23.225805282592773,-32.0
865,25.548385620117188,-32.0
866,27.870967864990234,-32.0
867,30.19354820251465,-32.0
868,32.51612854003906,-32.0
869,34.838706970214844,-32.0
870,37.16128921508789,-32.0
871,39.48387145996094,-32.0
872,41.80644989013672,-32.0
873,44.129032135009766,-32.0
874,46.45161056518555,-32.0
875,48.774192810058594,-32.0
876,51.096771240234375,-32.0
877,53.41935348510742,-32.0
878,55.74193572998047,-32.0
879,58.06451416015625,-32.0
880,60.3870964050293,-32.0
881,62.70967483520508,-32.0
882,65.03225708007812,-32.0
883,67.3548355102539,-32.0
884,69.67741394042969,-32.0
885,72.0,-32.0
886,74.32257843017578,-32.0
887,76.64515686035156,-32.0
888,78.96774291992188,-32.0
889,81.29032135009766,-32.0
890,83.61289978027344,-32.0
891,85.93547821044922,-32.0
892,88.25806427001953,-32.0
893,90.58064270019531,-32.0
894,92.9032211303711,-32.0
895,95.2258071899414,-32.0
896,97.54838562011719,-32.0
897,99.87096405029297,-32.0
898,102.19354248046875,-32.0
899,104.51612854003906,-32.0
900,106.83870697021484,-32.0
901,109.16128540039062,-32.0
902,111.48387145996094,-32.0
903,113.80644989013672,-32.0
904,116.1290283203125,-32.0
905,118.45160675048828,-32.0
906,120.7741928100586,-32.0
907,123.09677124023438,-32.0
908,125.41934967041016,-32.0
909,127.74192810058594,-32.0
910,130.06451416015625,-32.0
911,132.38710021972656,-32.0
912,134.7096710205078,-32.0
913,137.03225708007812,-32.0
914,139.35482788085938,-32.0
915,141.6774139404297,-32.0
916,144.0,-32.0
917,146.32257080078125,-32.0
918,148.64515686035156,-32.0
919,150.96774291992188,-32.0
920,153.29031372070312,-32.0
921,155.61289978027344,-32.0
922,157.93548583984375,-32.0
923,160.258056640625,-32.0
924,162.5806427001953,-32.0
925,164.90321350097656,-32.0
926,167.22579956054688,-32.0
927,169.5483856201172,-32.0
928,171.87095642089844,-32.0
929,174.19354248046875,-32.0
930,176.51612854003906,-32.0
931,178.8386993408203,-32.0
932,181.16128540039062,-32.0
933,183.48387145996094,-32.0
934,185.8064422607422,-32.0
935,188.1290283203125,-32.0
936,190.4516143798828,-32.0
937,192.77418518066406,-32.0
938,195.09677124023438,-32.0
939,197.41934204101562,-32.0
940,199.74192810058594,-32.0
941,202.06451416015625,-32.0
942,204.3870849609375,-32.0
943,206.7096710205078,-32.0
944,209.03225708007812,-32.0
945,211.35482788085938,-32.0
946,213.6774139404297,-32.0
947,216.0,-32.0
948,218.32257080078125,-32.0
949,220.64515686035156,-32.0
950,222.96774291992188,-32.0
951,225.29031372070312,-32.0
952,227.61289978027344,-32.0
953,229.9354705810547,-32.0
954,232.258056640625,-32.0
955,234.5806427001953,-32.0
956,236.90321350097656,-32.0
957,239.22579956054688,-32.0
958,241.5483856201172,-32.0
959,243.87095642089844,-32.0
960,246.19354248046875,-32.0
961,248.51612854003906,-32.0
962,250.8386993408203,-32.0
963,253.16128540039062,-32.0
964,255.48385620117188,-32.0
965,257.80645751953125,-32.0
966,260.1290283203125,-32.0
967,262.45159912109375,-32.0
968,264.7742004394531,-32.0
969,267.0967712402344,-32.0
970,269.4193420410156,-32.0
971,271.7419128417969,-32.0
972,274.06451416015625,-32.0
973,276.3870849609375,-32.0
974,278.70965576171875,-32.0
975,281.0322570800781,-32.0
976,283.3548278808594,-32.0
977,285.6773986816406,-32.0
978,288.0,-32.0
979,290.32257080078125,-32.0
980,292.6451416015625,-32.0
981,294.9677429199219,-32.0
982,297.2903137207031,-32.0
983,299.6128845214844,-32.0
984,301.93548583984375,-32.0
985,304.258056640625,-32.0
986,306.58062744140625,-32.0
987,308.9032287597656,-32.0
988,311.2257995605469,-32.0
989,313.5483703613281,-32.0
990,315.8709716796875,-32.0
991,318.19354248046875,-32.0
992,320.51611328125,-32.0
993,322.8387145996094,-32.0
994,325.1612854003906,-32.0
995,327.4838562011719,-32.0
996,329.8064270019531,-32.0
997,332.1290283203125,-32.0
998,334.45159912109375,-32.0
999,336.774169921875,-32.0
1000,339.0967712402344,-32.0
1001,341.4193420410156,-32.0
1002,343.7419128417969,-32.0
1003,346.06451416015625,-32.0
1004,348.3870849609375,-32.0
1005,350.70965576171875,-32.0
1006,353.0322570800781,-32.0
1007,355.3548278808594,-32.0
1008,357.6773986816406,-32.0
1009,0.0,-34.0
1010,2.384105920791626,-34.0
1011,4.768211841583252,-34.0
1012,7.152318000793457,-34.0
1013,9.536423683166504,-34.0
1014,11.92052936553955,-34.0
1015,14.304636001586914,-34.0
1016,16.68874168395996,-34.0
1017,19.072847366333008,-34.0
1018,21.456953048706055,-34.0
1019,23.8410587310791,-34.0
1020,26.22516441345215,-34.0
1021,28.609272003173828,-34.0
1022,30.993377685546875,-34.0
1023,33.37748336791992,-34.0
1024,35.76158905029297,-34.0
1025,38.145694732666016,-34.0
1026,40.52980041503906,-34.0
1027,42.91390609741211,-34.0
1028,45.298011779785156,-34.0
1029,47.6821174621582,-34.0
1030,50.06622314453125,-34.0
1031,52.4503288269043,-34.0
1032,54.834434509277344,-34.0
1033,57.218544006347656,-34.0
1034,59.6026496887207,-34.0
1035,61.98675537109375,-34.0
1036,64.37085723876953,-34.0
1037,66.75496673583984,-34.0
1038,69.13906860351562,-34.0
1039,71.52317810058594,-34.0
1040,73.90727996826172,-34.0
1041,76.29138946533203,-34.0
1042,78.67549896240234,-34.0
1043,81.05960083007812,-34.0
1044,83.44371032714844,-34.0
1045,85.82781219482422,-34.0
1046,88.21192169189453,-34.0
1047,90.59602355957031,-34.0
1048,92.98013305664062,-34.0
1049,95.3642349243164,-34.0
1050,97.74834442138672,-34.0
1051,100.1324462890625,-34.0
1052,102.51655578613281,-34.0
1053,104.9006576538086,-34.0
1054,107.2847671508789,-34.0
1055,109.66886901855469,-34.0
1056,112.052978515625,-34.0
1057,114.43708801269531,-34.0
1058,116.8211898803711,-34.0
1059,119.2052993774414,-34.0
1060,121.58940124511719,-34.0
1061,123.9735107421875,-34.0
1062,126.35761260986328,-34.0
1063,128.74171447753906,-34.0
1064,131.12582397460938,-34.0
1065,133.5099334716797,-34.0
1066,135.89404296875,-34.0
1067,138.27813720703125,-34.0
1068,140.66224670410156,-34.0
1069,143.04635620117188,-34.0
1070,145.4304656982422,-34.0
1071,147.81455993652344,-34.0
1072,150.19866943359375,-34.0
1073,152.58277893066406,-34.0
1074,154.96688842773438,-34.0
1075,157.3509979248047,-34.0
1076,159.73509216308594,-34.0
1077,162.11920166015625,-34.0
1078,164.50331115722656,-34.0
1079,166.88742065429688,-34.0
1080,169.27151489257812,-34.0
1081,171.65562438964844,-34.0
1082,174.03973388671875,-34.0
1083,176.42384338378906,-34.0
1084,178.8079376220703,-34.0
1085,181.19204711914062,-34.0
1086,183.57615661621094,-34.0
1087,185.96026611328125,-34.0
1088,188.3443603515625,-34.0
1089,190.7284698486328,-34.0
1090,193.11257934570312,-34.0
1091,195.49668884277344,-34.0
1092,197.88079833984375,-34.0
1093,200.264892578125,-34.0
1094,202.6490020751953,-34.0
1095,205.03311157226562,-34.0
1096,207.41722106933594,-34.0
1097,209.8013153076172,-34.0
1098,212.1854248046875,-34.0
1099,214.5695343017578,-34.0
1100,216.95364379882812,-34.0
1101,219.33773803710938,-34.0
1102,221.7218475341797,-34.0
1103,224.10595703125,-34.0
1104,226.4900665283203,-34.0
1105,228.87417602539062,-34.0
1106,231.25827026367188,-34.0
1107,233.6423797607422,-34.0
1108,236.0264892578125,-34.0
1109,238.4105987548828,-34.0
1110,240.79469299316406,-34.0
1111,243.17880249023438,-34.0
1112,245.5629119873047,-34.0
1113,247.947021484375,-34.0
1114,250.33111572265625,-34.0
1115,252.71522521972656,-34.0
1116,255.09933471679688,-34.0
1117,257.4834289550781,-34.0
1118,259.8675537109375,-34.0
1119,262.25164794921875,-34.0
1120,264.6357421875,-34.0
1121,267.0198669433594,-34.0
1122,269.4039611816406,-34.0
1123,271.7880859375,-34.0
1124,274.17218017578125,-34.0
1125,276.5562744140625,-34.0
1126,278.9403991699219,-34.0
1127,281.3244934082031,-34.0
1128,283.7086181640625,-34.0
1129,286.09271240234375,-34.0
1130,288.476806640625,-34.0
1131,290.8609313964844,-34.0
1132,293.2450256347656,-34.0
1133,295.6291198730469,-34.0
1134,298.01324462890625,-34.0
1135,300.3973388671875,-34.0
1136,302.7814636230469,-34.0
1137,305.1655578613281,-34.0
1138,307.5496520996094,-34.0
1139,309.93377685546875,-34.0
1140,312.31787109375,-34.0
1141,314.7019958496094,-34.0
1142,317.0860900878906,-34.0
1143,319.4701843261719,-34.0
1144,321.85430908203125,-34.0
1145,324.2384033203125,-34.0
1146,326.62249755859375,-34.0
1147,329.0066223144531,-34.0
1148,331.3907165527344,-34.0
1149,333.77484130859375,-34.0
1150,336.158935546875,-34.0
1151,338.54302978515625,-34.0
1152,340.9271545410156,-34.0
1153,343.3112487792969,-34.0
1154,345.69537353515625,-34.0
1155,348.0794677734375,-34.0
1156,350.46356201171875,-34.0
1157,352.8476867675781,-34.0
1158,355.2317810058594,-34.0
1159,357.6158752441406,-34.0
1160,0.0,-36.0
1161,2.4324324131011963,-36.0
1162,4.864864826202393,-36.0
1163,7.297297477722168,-36.0
1164,9.729729652404785,-36.0
1165,12.162161827087402,-36.0
1166,14.594594955444336,-36.0
1167,17.027027130126953,-36.0
1168,19.45945930480957,-36.0
1169,21.891891479492188,-36.0
1170,24.324323654174805,-36.0
1171,26.756755828857422,-36.0
1172,29.189189910888672,-36.0
1173,31.62162208557129,-36.0
1174,34.054054260253906,-36.0
1175,36.48648452758789,-36.0
1176,38.91891860961914,-36.0
1177,41.35135269165039,-36.0
1178,43.783782958984375,-36.0
1179,46.216217041015625,-36.0
1180,48.64864730834961,-36.0
1181,51.08108139038086,-36.0
1182,53.513511657714844,-36.0
1183,55.945945739746094,-36.0
1184,58.378379821777344,-36.0
1185,60.81081008911133,-36.0
1186,63.24324417114258,-36.0
1187,65.67567443847656,-36.0
1188,68.10810852050781,-36.0
1189,70.54054260253906,-36.0
1190,72.97296905517578,-36.0
1191,75.40540313720703,-36.0
1192,77.83783721923828,-36.0
1193,80.27027130126953,-36.0
1194,82.70270538330078,-36.0
1195,85.1351318359375,-36.0
1196,87.56756591796875,-36.0
1197,90.0,-36.0
1198,92.43243408203125,-36.0
1199,94.86486053466797,-36.0
1200,97.29729461669922,-36.0
1201,99.72972869873047,-36.0
1202,102.16216278076172,-36.0
1203,104.59459686279297,-36.0
1204,107.02702331542969,-36.0
1205,109.45945739746094,-36.0
1206,111.89189147949219,-36.0
1207,114.32432556152344,-36.0
1208,116.75675964355469,-36.0
1209,119.1891860961914,-36.0
1210,121.62162017822266,-36.0
1211,124.0540542602539,-36.0
1212,126.48648834228516,-36.0
1213,128.91891479492188,-36.0
1214,131.35134887695312,-36.0
1215,133.78378295898438,-36.0
1216,136.21621704101562,-36.0
1217,138.64865112304688,-36.0
1218,141.08108520507812,-36.0
1219,143.51351928710938,-36.0
1220,145.94593811035156,-36.0
1221,148.3783721923828,-36.0
1222,150.81080627441406,-36.0
1223,153.2432403564453,-36.0
1224,155.67567443847656,-36.0
1225,158.1081085205078,-36.0
1226,160.54054260253906,-36.0
1227,162.9729766845703,-36.0
1228,165.40541076660156,-36.0
1229,167.83782958984375,-36.0
1230,170.270263671875,-36.0
1231,172.70269775390625,-36.0
1232,175.1351318359375,-36.0
1233,177.56756591796875,-36.0
1234,180.0,-36.0
1235,182.43243408203125,-36.0
1236,184.8648681640625,-36.0
1237,187.29730224609375,-36.0
1238,189.72972106933594,-36.0
1239,192.1621551513672,-36.0
1240,194.59458923339844,-36.0
1241,197.0270233154297,-36.0
1242,199.45945739746094,-36.0
1243,201.8918914794922,-36.0
1244,204.32432556152344,-36.0
1245,206.7567596435547,-36.0
1246,209.18919372558594,-36.0
1247,211.62161254882812,-36.0
1248,214.05404663085938,-36.0
1249,216.48648071289062,-36.0
1250,218.91891479492188,-36.0
1251,221.35134887695312,-36.0
1252,223.78378295898438,-36.0
1253,226.21621704101562,-36.0
1254,228.64865112304688,-36.0
1255,231.08108520507812,-36.0
1256,233.51351928710938,-36.0
1257,235.94593811035156,-36.0
1258,238.3783721923828,-36.0
1259,240.81080627441406,-36.0
1260,243.2432403564453,-36.0
1261,245.67567443847656,-36.0
1262,248.1081085205078,-36.0
1263,250.54054260253906,-36.0
1264,252.9729766845703,-36.0
1265,255.40541076660156,-36.0
1266,257.83782958984375,-36.0
1267,260.270263671875,-36.0
1268,262.70269775390625,-36.0
1269,265.1351318359375,-36.0
1270,267.56756591796875,-36.0
1271,270.0,-36.0
1272,272.43243408203125,-36.0
1273,274.8648681640625,-36.0
1274,277.29730224609375,-36.0
1275,279.729736328125,-36.0
1276,282.16217041015625,-36.0
1277,284.5946044921875,-36.0
1278,287.02703857421875,-36.0
1279,289.4594421386719,-36.0
1280,291.8918762207031,-36.0
1281,294.3243103027344,-36.0
1282,296.7567443847656,-36.0
1283,299.1891784667969,-36.0
1284,301.6216125488281,-36.0
1285,304.0540466308594,-36.0
1286,306.4864807128906,-36.0
1287,308.9189147949219,-36.0
1288,311.3513488769531,-36.0
1289,313.7837829589844,-36.0
1290,316.2162170410156,-36.0
1291,318.6486511230469,-36.0
1292,321.0810852050781,-36.0
1293,323.5135192871094,-36.0
1294,325.9459533691406,-36.0
1295,328.3783874511719,-36.0
1296,330.8108215332031,-36.0
1297,333.2432556152344,-36.0
1298,335.6756591796875,-36.0
1299,338.10809326171875,-36.0
1300,340.54052734375,-36.0
1301,342.97296142578125,-36.0
1302,345.4053955078125,-36.0
1303,347.83782958984375,-36.0
1304,350.270263671875,-36.0
1305,352.70269775390625,-36.0
1306,355.1351318359375,-36.0
1307,357.56756591796875,-36.0
1308,0.0,-38.0
1309,2.5,-38.0
1310,5.0,-38.0
1311,7.5,-38.0
1312,10.0,-38.0
1313,12.5,-38.0
1314,15.0,-38.0
1315,17.5,-38.0
1316,20.0,-38.0
1317,22.5,-38.0
1318,25.0,-38.0
1319,27.5,-38.0
1320,30.0,-38.0
1321,32.5,-38.0
1322,35.0,-38.0
1323,37.5,-38.0
1324,40.0,-38.0
1325,42.5,-38.0
1326,45.0,-38.0
1327,47.5,-38.0
1328,50.0,-38.0
1329,52.5,-38.0
1330,55.0,-38.0
1331,57.5,-38.0
1332,60.0,-38.0
1333,62.5,-38.0
1334,65.0,-38.0
1335,67.5,-38.0
1336,70.0,-38.0
1337,72.5,-38.0
1338,75.0,-38.0
1339,77.5,-38.0
1340,80.0,-38.0
1341,82.5,-38.0
1342,85.0,-38.0
1343,87.5,-38.0
1344,90.0,-38.0
1345,92.5,-38.0
1346,95.0,-38.0
1347,97.5,-38.0
1348,100.0,-38.0
1349,102.5,-38.0
1350,105.0,-38.0
1351,107.5,-38.0
1352,110.0,-38.0
1353,112.5,-38.0
1354,115.0,-38.0
1355,117.5,-38.0
1356,120.0,-38.0
1357,122.5,-38.0
1358,125.0,-38.0
1359,127.5,-38.0
1360,130.0,-38.0
1361,132.5,-38.0
1362,135.0,-38.0
1363,137.5,-38.0
1364,140.0,-38.0
1365,142.5,-38.0
1366,145.0,-38.0
1367,147.5,-38.0
1368,150.0,-38.0
1369,152.5,-38.0
1370,155.0,-38.0
1371,157.5,-38.0
1372,160.0,-38.0
1373,162.5,-38.0
1374,165.0,-38.0
1375,167.5,-38.0
1376,170.0,-38.0
1377,172.5,-38.0
1378,175.0,-38.0
1379,177.5,-38.0
1380,180.0,-38.0
1381,182.5,-38.0
1382,185.0,-38.0
1383,187.5,-38.0
1384,190.0,-38.0
1385,192.5,-38.0
1386,195.0,-38.0
1387,197.5,-38.0
1388,200.0,-38.0
1389,202.5,-38.0
1390,205.0,-38.0
1391,207.5,-38.0
1392,210.0,-38.0
1393,212.5,-38.0
1394,215.0,-38.0
1395,217.5,-38.0
1396,220.0,-38.0
1397,222.5,-38.0
1398,225.0,-38.0
1399,227.5,-38.0
1400,230.0,-38.0
1401,232.5,-38.0
1402,235.0,-38.0
1403,237.5,-38.0
1404,240.0,-38.0
1405,242.5,-38.0
1406,245.0,-38.0
1407,247.5,-38.0
1408,250.0,-38.0
1409,252.5,-38.0
1410,255.0,-38.0
1411,257.5,-38.0
1412,260.0,-38.0
1413,262.5,-38.0
1414,265.0,-38.0
1415,267.5,-38.0
1416,270.0,-38.0
1417,272.5,-38.0
1418,275.0,-38.0
1419,277.5,-38.0
1420,280.0,-38.0
1421,282.5,-38.0
1422,285.0,-38.0
1423,287.5,-38.0
1424,290.0,-38.0
1425,292.5,-38.0
1426,295.0,-38.0
1427,297.5,-38.0
1428,300.0,-38.0
1429,302.5,-38.0
1430,305.0,-38.0
1431,307.5,-38.0
1432,310.0,-38.0
1433,312.5,-38.0
1434,315.0,-38.0
1435,317.5,-38.0
1436,320.0,-38.0
1437,322.5,-38.0
1438,325.0,-38.0
1439,327.5,-38.0
1440,330.0,-38.0
1441,332.5,-38.0
1442,335.0,-38.0
1443,337.5,-38.0
1444,340.0,-38.0
1445,342.5,-38.0
1446,345.0,-38.0
1447,347.5,-38.0
1448,350.0,-38.0
1449,352.5,-38.0
1450,355.0,-38.0
1451,357.5,-38.0
1452,0.0,-40.0
1453,2.5714285373687744,-40.0
1454,5.142857074737549,-40.0
1455,7.714285850524902,-40.0
1456,10.285714149475098,-40.0
1457,12.857142448425293,-40.0
1458,15.428571701049805,-40.0
1459,18.0,-40.0
1460,20.571428298950195,-40.0
1461,23.14285659790039,-40.0
1462,25.714284896850586,-40.0
1463,28.28571319580078,-40.0
1464,30.85714340209961,-40.0
1465,33.42856979370117,-40.0
1466,36.0,-40.0
1467,38.57142639160156,-40.0
1468,41.14285659790039,-40.0
1469,43.71428680419922,-40.0
1470,46.28571319580078,-40.0
1471,48.85714340209961,-40.0
1472,51.42856979370117,-40.0
1473,54.0,-40.0
1474,56.57142639160156,-40.0
1475,59.14285659790039,-40.0
1476,61.71428680419922,-40.0
1477,64.28571319580078,-40.0
1478,66.85713958740234,-40.0
1479,69.42857360839844,-40.0
1480,72.0,-40.0
1481,74.57142639160156,-40.0
1482,77.14285278320312,-40.0
1483,79.71428680419922,-40.0
1484,82.28571319580078,-40.0
1485,84.85713958740234,-40.0
1486,87.42857360839844,-40.0
1487,90.0,-40.0
1488,92.57142639160156,-40.0
1489,95.14285278320312,-40.0
1490,97.71428680419922,-40.0
1491,100.28571319580078,-40.0
1492,102.85713958740234,-40.0
1493,105.42857360839844,-40.0
1494,108.0,-40.0
1495,110.57142639160156,-40.0
1496,113.14285278320312,-40.0
1497,115.71428680419922,-40.0
1498,118.28571319580078,-40.0
1499,120.85713958740234,-40.0
1500,123.42857360839844,-40.0
1501,126.0,-40.0
1502,128.57142639160156,-40.0
1503,131.14285278320312,-40.0
1504,133.7142791748047,-40.0
1505,136.28570556640625,-40.0
1506,138.85714721679688,-40.0
1507,141.42857360839844,-40.0
1508,144.0,-40.0
1509,146.57142639160156,-40.0
1510,149.14285278320312,-40.0
1511,151.7142791748047,-40.0
1512,154.28570556640625,-40.0
1513,156.85714721679688,-40.0
1514,159.42857360839844,-40.0
1515,162.0,-40.0
1516,164.57142639160156,-40.0
1517,167.14285278320312,-40.0
1518,169.7142791748047,-40.0
1519,172.28570556640625,-40.0
1520,174.85714721679688,-40.0
1521,177.42857360839844,-40.0
1522,180.0,-40.0
1523,182.57142639160156,-40.0
1524,185.14285278320312,-40.0
1525,187.7142791748047,-40.0
1526,190.28570556640625,-40.0
1527,192.85714721679688,-40.0
1528,195.42857360839844,-40.0
1529,198.0,-40.0
1530,200.57142639160156,-40.0
1531,203.14285278320312,-40.0
1532,205.7142791748047,-40.0
1533,208.28570556640625,-40.0
1534,210.85714721679688,-40.0
1535,213.42857360839844,-40.0
1536,216.0,-40.0
1537,218.57142639160156,-40.0
1538,221.14285278320312,-40.0
1539,223.7142791748047,-40.0
1540,226.28570556640625,-40.0
1541,228.85714721679688,-40.0
1542,231.42857360839844,-40.0
1543,234.0,-40.0
1544,236.57142639160156,-40.0
1545,239.14285278320312,-40.0
1546,241.7142791748047,-40.0
1547,244.28570556640625,-40.0
1548,246.85714721679688,-40.0
1549,249.42857360839844,-40.0
1550,252.0,-40.0
1551,254.57142639160156,-40.0
1552,257.1428527832031,-40.0
1553,259.71429443359375,-40.0
1554,262.28570556640625,-40.0
1555,264.8571472167969,-40.0
1556,267.4285583496094,-40.0
1557,270.0,-40.0
1558,272.5714111328125,-40.0
1559,275.1428527832031,-40.0
1560,277.71429443359375,-40.0
1561,280.28570556640625,-40.0
1562,282.8571472167969,-40.0
1563,285.4285583496094,-40.0
1564,288.0,-40.0
1565,290.5714111328125,-40.0
1566,293.1428527832031,-40.0
1567,295.71429443359375,-40.0
1568,298.28570556640625,-40.0
1569,300.8571472167969,-40.0
1570,303.4285583496094,-40.0
1571,306.0,-40.0
1572,308.5714111328125,-40.0
1573,311.1428527832031,-40.0
1574,313.71429443359375,-40.0
1575,316.28570556640625,-40.0
1576,318.8571472167969,-40.0
1577,321.4285583496094,-40.0
1578,324.0,-40.0
1579,326.5714111328125,-40.0
1580,329.1428527832031,-40.0
1581,331.71429443359375,-40.0
1582,334.28570556640625,-40.0
1583,336.8571472167969,-40.0
1584,339.4285583496094,-40.0
1585,342.0,-40.0
1586,344.5714111328125,-40.0
1587,347.1428527832031,-40.0
1588,349.71429443359375,-40.0
1589,352.28570556640625,-40.0
1590,354.8571472167969,-40.0
1591,357.4285583496094,-40.0
1592,0.0,-42.0
1593,2.6470587253570557,-42.0
1594,5.294117450714111,-42.0
1595,7.941176414489746,-42.0
1596,10.588234901428223,-42.0
1597,13.2352933883667,-42.0
1598,15.882352828979492,-42.0
1599,18.52941131591797,-42.0
1600,21.176469802856445,-42.0
1601,23.823528289794922,-42.0
1602,26.4705867767334,-42.0
1603,29.117645263671875,-42.0
1604,31.764705657958984,-42.0
1605,34.41176223754883,-42.0
1606,37.05882263183594,-42.0
1607,39.70587921142578,-42.0
1608,42.35293960571289,-42.0
1609,45.0,-42.0
1610,47.647056579589844,-42.0
1611,50.29411697387695,-42.0
1612,52.9411735534668,-42.0
1613,55.588233947753906,-42.0
1614,58.23529052734375,-42.0
1615,60.88235092163086,-42.0
1616,63.52941131591797,-42.0
1617,66.17646789550781,-42.0
1618,68.82352447509766,-42.0
1619,71.47058868408203,-42.0
1620,74.11764526367188,-42.0
1621,76.76470184326172,-42.0
1622,79.41175842285156,-42.0
1623,82.05882263183594,-42.0
1624,84.70587921142578,-42.0
1625,87.35293579101562,-42.0
1626,90.0,-42.0
1627,92.64705657958984,-42.0
1628,95.29411315917969,-42.0
1629,97.94116973876953,-42.0
1630,100.5882339477539,-42.0
1631,103.23529052734375,-42.0
1632,105.8823471069336,-42.0
1633,108.52941131591797,-42.0
1634,111.17646789550781,-42.0
1635,113.82352447509766,-42.0
1636,116.4705810546875,-42.0
1637,119.11764526367188,-42.0
1638,121.76470184326172,-42.0
1639,124.41175842285156,-42.0
1640,127.05882263183594,-42.0
1641,129.70587158203125,-42.0
1642,132.35293579101562,-42.0
1643,135.0,-42.0
1644,137.6470489501953,-42.0
1645,140.2941131591797,-42.0
1646,142.94117736816406,-42.0
1647,145.58822631835938,-42.0
1648,148.23529052734375,-42.0
1649,150.88235473632812,-42.0
1650,153.52940368652344,-42.0
1651,156.1764678955078,-42.0
1652,158.82351684570312,-42.0
1653,161.4705810546875,-42.0
1654,164.11764526367188,-42.0
1655,166.7646942138672,-42.0
1656,169.41175842285156,-42.0
1657,172.05882263183594,-42.0
1658,174.70587158203125,-42.0
1659,177.35293579101562,-42.0
1660,180.0,-42.0
1661,182.6470489501953,-42.0
1662,185.2941131591797,-42.0
1663,187.941162109375,-42.0
1664,190.58822631835938,-42.0
1665,193.23529052734375,-42.0
1666,195.88233947753906,-42.0
1667,198.52940368652344,-42.0
1668,201.1764678955078,-42.0
1669,203.82351684570312,-42.0
1670,206.4705810546875,-42.0
1671,209.11764526367188,-42.0
1672,211.7646942138672,-42.0
1673,214.41175842285156,-42.0
1674,217.05882263183594,-42.0
1675,219.70587158203125,-42.0
1676,222.35293579101562,-42.0
1677,224.99998474121094,-42.0
1678,227.6470489501953,-42.0
1679,230.2941131591797,-42.0
1680,232.941162109375,-42.0
1681,235.58822631835938,-42.0
1682,238.23529052734375,-42.0
1683,240.88233947753906,-42.0
1684,243.52940368652344,-42.0
1685,246.1764678955078,-42.0
1686,248.82351684570312,-42.0
1687,251.4705810546875,-42.0
1688,254.11764526367188,-42.0
1689,256.76470947265625,-42.0
1690,259.4117431640625,-42.0
1691,262.0588073730469,-42.0
1692,264.70587158203125,-42.0
1693,267.3529357910156,-42.0
1694,270.0,-42.0
1695,272.64703369140625,-42.0
1696,275.2940979003906,-42.0
1697,277.941162109375,-42.0
1698,280.5882263183594,-42.0
1699,283.23529052734375,-42.0
1700,285.8823547363281,-42.0
1701,288.5293884277344,-42.0
1702,291.17645263671875,-42.0
1703,293.8235168457031,-42.0
1704,296.4705810546875,-42.0
1705,299.1176452636719,-42.0
1706,301.76470947265625,-42.0
1707,304.4117431640625,-42.0
1708,307.0588073730469,-42.0
1709,309.70587158203125,-42.0
1710,312.3529357910156,-42.0
1711,315.0,-42.0
1712,317.64703369140625,-42.0
1713,320.2940979003906,-42.0
1714,322.941162109375,-42.0
1715,325.5882263183594,-42.0
1716,328.23529052734375,-42.0
1717,330.8823547363281,-42.0
1718,333.5293884277344,-42.0
1719,336.17645263671875,-42.0
1720,338.8235168457031,-42.0
1721,341.4705810546875,-42.0
1722,344.1176452636719,-42.0
1723,346.7646789550781,-42.0
1724,349.4117431640625,-42.0
1725,352.0588073730469,-42.0
1726,354.70587158203125,-42.0
1727,357.3529357910156,-42.0
1728,0.0,-44.0
1729,2.7272727489471436,-44.0
1730,5.454545497894287,-44.0
1731,8.181818008422852,-44.0
1732,10.909090995788574,-44.0
1733,13.636363983154297,-44.0
1734,16.363636016845703,-44.0
1735,19.090909957885742,-44.0
1736,21.81818199157715,-44.0
1737,24.545454025268555,-44.0
1738,27.272727966308594,-44.0
1739,30.0,-44.0
1740,32.727272033691406,-44.0
1741,35.45454406738281,-44.0
1742,38.181819915771484,-44.0
1743,40.90909194946289,-44.0
1744,43.6363639831543,-44.0
1745,46.3636360168457,-44.0
1746,49.09090805053711,-44.0
1747,51.81818389892578,-44.0
1748,54.54545593261719,-44.0
1749,57.272727966308594,-44.0
1750,60.0,-44.0
1751,62.727272033691406,-44.0
1752,65.45454406738281,-44.0
1753,68.18181610107422,-44.0
1754,70.90908813476562,-44.0
1755,73.63636779785156,-44.0
1756,76.36363983154297,-44.0
1757,79.09091186523438,-44.0
1758,81.81818389892578,-44.0
1759,84.54545593261719,-44.0
1760,87.2727279663086,-44.0
1761,90.0,-44.0
1762,92.7272720336914,-44.0
1763,95.45454406738281,-44.0
1764,98.18181610107422,-44.0
1765,100.90908813476562,-44.0
1766,103.63636779785156,-44.0
1767,106.36363983154297,-44.0
1768,109.09091186523438,-44.0
1769,111.81818389892578,-44.0
1770,114.54545593261719,-44.0
1771,117.2727279663086,-44.0
1772,120.0,-44.0
1773,122.7272720336914,-44.0
1774,125.45454406738281,-44.0
1775,128.18182373046875,-44.0
1776,130.90908813476562,-44.0
1777,133.63636779785156,-44.0
1778,136.36363220214844,-44.0
1779,139.09091186523438,-44.0
1780,141.81817626953125,-44.0
1781,144.5454559326172,-44.0
1782,147.27273559570312,-44.0
1783,150.0,-44.0
1784,152.72727966308594,-44.0
1785,155.4545440673828,-44.0
1786,158.18182373046875,-44.0
1787,160.90908813476562,-44.0
1788,163.63636779785156,-44.0
1789,166.36363220214844,-44.0
1790,169.09091186523438,-44.0
1791,171.81817626953125,-44.0
1792,174.5454559326172,-44.0
1793,177.27273559570312,-44.0
1794,180.0,-44.0
1795,182.72727966308594,-44.0
1796,185.4545440673828,-44.0
1797,188.18182373046875,-44.0
1798,190.90908813476562,-44.0
1799,193.63636779785156,-44.0
1800,196.36363220214844,-44.0
1801,199.09091186523438,-44.0
1802,201.81817626953125,-44.0
1803,204.5454559326172,-44.0
1804,207.27273559570312,-44.0
1805,210.0,-44.0
1806,212.72727966308594,-44.0
1807,215.4545440673828,-44.0
1808,218.18182373046875,-44.0
1809,220.90908813476562,-44.0
1810,223.63636779785156,-44.0
1811,226.36363220214844,-44.0
1812,229.09091186523438,-44.0
1813,231.81817626953125,-44.0
1814,234.5454559326172,-44.0
1815,237.27273559570312,-44.0
1816,240.0,-44.0
1817,242.72727966308594,-44.0
1818,245.4545440673828,-44.0
1819,248.18182373046875,-44.0
1820,250.90908813476562,-44.0
1821,253.63636779785156,-44.0
1822,256.3636474609375,-44.0
1823,259.0909118652344,-44.0
1824,261.81817626953125,-44.0
1825,264.54547119140625,-44.0
1826,267.2727355957031,-44.0
1827,270.0,-44.0
1828,272.7272644042969,-44.0
1829,275.4545593261719,-44.0
1830,278.18182373046875,-44.0
1831,280.9090881347656,-44.0
1832,283.6363525390625,-44.0
1833,286.3636474609375,-44.0
1834,289.0909118652344,-44.0
1835,291.81817626953125,-44.0
1836,294.54547119140625,-44.0
1837,297.2727355957031,-44.0
1838,300.0,-44.0
1839,302.7272644042969,-44.0
1840,305.4545593261719,-44.0
1841,308.18182373046875,-44.0
1842,310.9090881347656,-44.0
1843,313.6363525390625,-44.0
1844,316.3636474609375,-44.0
1845,319.0909118652344,-44.0
1846,321.81817626953125,-44.0
1847,324.54547119140625,-44.0
1848,327.2727355957031,-44.0
1849,330.0,-44.0
1850,332.7272644042969,-44.0
1851,335.4545593261719,-44.0
1852,338.18182373046875,-44.0
1853,340.9090881347656,-44.0
1854,343.6363525390625,-44.0
1855,346.3636474609375,-44.0
1856,349.0909118652344,-44.0
1857,351.81817626953125,-44.0
1858,354.54547119140625,-44.0
1859,357.2727355957031,-44.0
1860,0.0,-46.0
1861,2.8125,-46.0
1862,5.625,-46.0
1863,8.4375,-46.0
1864,11.25,-46.0
1865,14.0625,-46.0
1866,16.875,-46.0
1867,19.6875,-46.0
1868,22.5,-46.0
1869,25.3125,-46.0
1870,28.125,-46.0
1871,30.9375,-46.0
1872,33.75,-46.0
1873,36.5625,-46.0
1874,39.375,-46.0
1875,42.1875,-46.0
1876,45.0,-46.0
1877,47.8125,-46.0
1878,50.625,-46.0
1879,53.4375,-46.0
1880,56.25,-46.0
1881,59.0625,-46.0
1882,61.875,-46.0
1883,64.6875,-46.0
1884,67.5,-46.0
1885,70.3125,-46.0
1886,73.125,-46.0
1887,75.9375,-46.0
1888,78.75,-46.0
1889,81.5625,-46.0
1890,84.375,-46.0
1891,87.1875,-46.0
1892,90.0,-46.0
1893,92.8125,-46.0
1894,95.625,-46.0
1895,98.4375,-46.0
1896,101.25,-46.0
1897,104.0625,-46.0
1898,106.875,-46.0
1899,109.6875,-46.0
1900,112.5,-46.0
1901,115.3125,-46.0
1902,118.125,-46.0
1903,120.9375,-46.0
1904,123.75,-46.0
1905,126.5625,-46.0
1906,129.375,-46.0
1907,132.1875,-46.0
1908,135.0,-46.0
1909,137.8125,-46.0
1910,140.625,-46.0
1911,143.4375,-46.0
1912,146.25,-46.0
1913,149.0625,-46.0
1914,151.875,-46.0
1915,154.6875,-46.0
1916,157.5,-46.0
1917,160.3125,-46.0
1918,163.125,-46.0
1919,165.9375,-46.0
1920,168.75,-46.0
1921,171.5625,-46.0
1922,174.375,-46.0
1923,177.1875,-46.0
1924,180.0,-46.0
1925,182.8125,-46.0
1926,185.625,-46.0
1927,188.4375,-46.0
1928,191.25,-46.0
1929,194.0625,-46.0
1930,196.875,-46.0
1931,199.6875,-46.0
1932,202.5,-46.0
1933,205.3125,-46.0
1934,208.125,-46.0
1935,210.9375,-46.0
1936,213.75,-46.0
1937,216.5625,-46.0
1938,219.375,-46.0
1939,222.1875,-46.0
1940,225.0,-46.0
1941,227.8125,-46.0
1942,230.625,-46.0
1943,233.4375,-46.0
1944,236.25,-46.0
1945,239.0625,-46.0
1946,241.875,-46.0
1947,244.6875,-46.0
1948,247.5,-46.0
1949,250.3125,-46.0
1950,253.125,-46.0
1951,255.9375,-46.0
1952,258.75,-46.0
1953,261.5625,-46.0
1954,264.375,-46.0
1955,267.1875,-46.0
1956,270.0,-46.0
1957,272.8125,-46.0
1958,275.625,-46.0
1959,278.4375,-46.0
1960,281.25,-46.0
1961,284.0625,-46.0
1962,286.875,-46.0
1963,289.6875,-46.0
1964,292.5,-46.0
1965,295.3125,-46.0
1966,298.125,-46.0
1967,300.9375,-46.0
1968,303.75,-46.0
1969,306.5625,-46.0
1970,309.375,-46.0
1971,312.1875,-46.0
1972,315.0,-46.0
1973,317.8125,-46.0
1974,320.625,-46.0
1975,323.4375,-46.0
1976,326.25,-46.0
1977,329.0625,-46.0
1978,331.875,-46.0
1979,334.6875,-46.0
1980,337.5,-46.0
1981,340.3125,-46.0
1982,343.125,-46.0
1983,345.9375,-46.0
1984,348.75,-46.0
1985,351.5625,-46.0
1986,354.375,-46.0
1987,357.1875,-46.0
1988,0.0,-48.0
1989,2.9268293380737305,-48.0
1990,5.853658676147461,-48.0
1991,8.780488014221191,-48.0
1992,11.707317352294922,-48.0
1993,14.634146690368652,-48.0
1994,17.560976028442383,-48.0
1995,20.487804412841797,-48.0
1996,23.414634704589844,-48.0
1997,26.34146499633789,-48.0
1998,29.268293380737305,-48.0
1999,32.19512176513672,-48.0
2000,35.121952056884766,-48.0
2001,38.04878234863281,-48.0
2002,40.975608825683594,-48.0
2003,43.90243911743164,-48.0
2004,46.82926940917969,-48.0
2005,49.756099700927734,-48.0
2006,52.68292999267578,-48.0
2007,55.60975646972656,-48.0
2008,58.53658676147461,-48.0
2009,61.463417053222656,-48.0
2010,64.39024353027344,-48.0
2011,67.31707763671875,-48.0
2012,70.24390411376953,-48.0
2013,73.17073059082031,-48.0
2014,76.09756469726562,-48.0
2015,79.0243911743164,-48.0
2016,81.95121765136719,-48.0
2017,84.8780517578125,-48.0
2018,87.80487823486328,-48.0
2019,90.7317123413086,-48.0
2020,93.65853881835938,-48.0
2021,96.58536529541016,-48.0
2022,99.51219940185547,-48.0
2023,102.43902587890625,-48.0
2024,105.36585998535156,-48.0
2025,108.29268646240234,-48.0
2026,111.21951293945312,-48.0
2027,114.14634704589844,-48.0
2028,117.07317352294922,-48.0
2029,120.0,-48.0
2030,122.92683410644531,-48.0
2031,125.8536605834961,-48.0
2032,128.78048706054688,-48.0
2033,131.7073211669922,-48.0
2034,134.6341552734375,-48.0
2035,137.56097412109375,-48.0
2036,140.48780822753906,-48.0
2037,143.41464233398438,-48.0
2038,146.34146118164062,-48.0
2039,149.26829528808594,-48.0
2040,152.19512939453125,-48.0
2041,155.1219482421875,-48.0
2042,158.0487823486328,-48.0
2043,160.97561645507812,-48.0
2044,163.90243530273438,-48.0
2045,166.8292694091797,-48.0
2046,169.756103515625,-48.0
2047,172.6829376220703,-48.0
2048,175.60975646972656,-48.0
2049,178.53659057617188,-48.0
2050,181.4634246826172,-48.0
2051,184.39024353027344,-48.0
2052,187.31707763671875,-48.0
2053,190.24391174316406,-48.0
2054,193.1707305908203,-48.0
2055,196.09756469726562,-48.0
2056,199.02439880371094,-48.0
2057,201.9512176513672,-48.0
2058,204.8780517578125,-48.0
2059,207.8048858642578,-48.0
2060,210.73171997070312,-48.0
2061,213.65853881835938,-48.0
2062,216.5853729248047,-48.0
2063,219.51220703125,-48.0
2064,222.43902587890625,-48.0
2065,225.36585998535156,-48.0
2066,228.29269409179688,-48.0
2067,231.21951293945312,-48.0
2068,234.14634704589844,-48.0
2069,237.07318115234375,-48.0
2070,240.0,-48.0
2071,242.9268341064453,-48.0
2072,245.85366821289062,-48.0
2073,248.78048706054688,-48.0
2074,251.7073211669922,-48.0
2075,254.6341552734375,-48.0
2076,257.56097412109375,-48.0
2077,260.4878234863281,-48.0
2078,263.4146423339844,-48.0
2079,266.3414611816406,-48.0
2080,269.268310546875,-48.0
2081,272.19512939453125,-48.0
2082,275.1219482421875,-48.0
2083,278.0487976074219,-48.0
2084,280.9756164550781,-48.0
2085,283.9024353027344,-48.0
2086,286.82928466796875,-48.0
2087,289.756103515625,-48.0
2088,292.68292236328125,-48.0
2089,295.6097717285156,-48.0
2090,298.5365905761719,-48.0
2091,301.4634094238281,-48.0
2092,304.3902587890625,-48.0
2093,307.31707763671875,-48.0
2094,310.243896484375,-48.0
2095,313.1707458496094,-48.0
2096,316.0975646972656,-48.0
2097,319.0243835449219,-48.0
2098,321.95123291015625,-48.0
2099,324.8780517578125,-48.0
2100,327.80487060546875,-48.0
2101,330.7317199707031,-48.0
2102,333.6585388183594,-48.0
2103,336.58538818359375,-48.0
2104,339.51220703125,-48.0
2105,342.43902587890625,-48.0
2106,345.3658752441406,-48.0
2107,348.2926940917969,-48.0
2108,351.2195129394531,-48.0
2109,354.1463623046875,-48.0
2110,357.07318115234375,-48.0
2111,0.0,-50.0
2112,3.02521014213562,-50.0
2113,6.05042028427124,-50.0
2114,9.075630187988281,-50.0
2115,12.10084056854248,-50.0
2116,15.12605094909668,-50.0
2117,18.151260375976562,-50.0
2118,21.176471710205078,-50.0
2119,24.20168113708496,-50.0
2120,27.226890563964844,-50.0
2121,30.25210189819336,-50.0
2122,33.277313232421875,-50.0
2123,36.302520751953125,-50.0
2124,39.32773208618164,-50.0
2125,42.352943420410156,-50.0
2126,45.378150939941406,-50.0
2127,48.40336227416992,-50.0
2128,51.42857360839844,-50.0
2129,54.45378112792969,-50.0
2130,57.4789924621582,-50.0
2131,60.50420379638672,-50.0
2132,63.52941131591797,-50.0
2133,66.55462646484375,-50.0
2134,69.579833984375,-50.0
2135,72.60504150390625,-50.0
2136,75.63025665283203,-50.0
2137,78.65546417236328,-50.0
2138,81.68067169189453,-50.0
2139,84.70588684082031,-50.0
2140,87.73109436035156,-50.0
2141,90.75630187988281,-50.0
2142,93.7815170288086,-50.0
2143,96.80672454833984,-50.0
2144,99.8319320678711,-50.0
2145,102.85714721679688,-50.0
2146,105.88235473632812,-50.0
2147,108.90756225585938,-50.0
2148,111.93277740478516,-50.0
2149,114.9579849243164,-50.0
2150,117.98319244384766,-50.0
2151,121.00840759277344,-50.0
2152,124.03361511230469,-50.0
2153,127.05882263183594,-50.0
2154,130.0840301513672,-50.0
2155,133.1092529296875,-50.0
2156,136.13446044921875,-50.0
2157,139.15966796875,-50.0
2158,142.18487548828125,-50.0
2159,145.2100830078125,-50.0
2160,148.23529052734375,-50.0
2161,151.26051330566406,-50.0
2162,154.2857208251953,-50.0
2163,157.31092834472656,-50.0
2164,160.3361358642578,-50.0
2165,163.36134338378906,-50.0
2166,166.3865509033203,-50.0
2167,169.41177368164062,-50.0
2168,172.43698120117188,-50.0
2169,175.46218872070312,-50.0
2170,178.48739624023438,-50.0
2171,181.51260375976562,-50.0
2172,184.53781127929688,-50.0
2173,187.5630340576172,-50.0
2174,190.58824157714844,-50.0
2175,193.6134490966797,-50.0
2176,196.63865661621094,-50.0
2177,199.6638641357422,-50.0
2178,202.6890869140625,-50.0
2179,205.71429443359375,-50.0
2180,208.739501953125,-50.0
2181,211.76470947265625,-50.0
2182,214.7899169921875,-50.0
2183,217.81512451171875,-50.0
2184,220.84034729003906,-50.0
2185,223.8655548095703,-50.0
2186,226.89076232910156,-50.0
2187,229.9159698486328,-50.0
2188,232.94117736816406,-50.0
2189,235.9663848876953,-50.0
2190,238.99160766601562,-50.0
2191,242.01681518554688,-50.0
2192,245.04202270507812,-50.0
2193,248.06723022460938,-50.0
2194,251.09243774414062,-50.0
2195,254.11764526367188,-50.0
2196,257.1428527832031,-50.0
2197,260.1680603027344,-50.0
2198,263.1932678222656,-50.0
2199,266.218505859375,-50.0
2200,269.24371337890625,-50.0
2201,272.2689208984375,-50.0
2202,275.29412841796875,-50.0
2203,278.3193359375,-50.0
2204,281.34454345703125,-50.0
2205,284.3697509765625,-50.0
2206,287.39495849609375,-50.0
2207,290.420166015625,-50.0
2208,293.44537353515625,-50.0
2209,296.4705810546875,-50.0
2210,299.4958190917969,-50.0
2211,302.5210266113281,-50.0
2212,305.5462341308594,-50.0
2213,308.5714416503906,-50.0
2214,311.5966491699219,-50.0
2215,314.6218566894531,-50.0
2216,317.6470642089844,-50.0
2217,320.6722717285156,-50.0
2218,323.6974792480469,-50.0
2219,326.7226867675781,-50.0
2220,329.7478942871094,-50.0
2221,332.7731018066406,-50.0
2222,335.79833984375,-50.0
2223,338.82354736328125,-50.0
2224,341.8487548828125,-50.0
2225,344.87396240234375,-50.0
2226,347.899169921875,-50.0
2227,350.92437744140625,-50.0
2228,353.9495849609375,-50.0
2229,356.97479248046875,-50.0
2230,0.0,-52.0
2231,3.1578948497772217,-52.0
2232,6.315789699554443,-52.0
2233,9.473684310913086,-52.0
2234,12.631579399108887,-52.0
2235,15.789474487304688,-52.0
2236,18.947368621826172,-52.0
2237,22.10526466369629,-52.0
2238,25.263158798217773,-52.0
2239,28.421052932739258,-52.0
2240,31.578948974609375,-52.0
2241,34.73684310913086,-52.0
2242,37.894737243652344,-52.0
2243,41.05263137817383,-52.0
2244,44.21052932739258,-52.0
2245,47.36842346191406,-52.0
2246,50.52631759643555,-52.0
2247,53.68421173095703,-52.0
2248,56.842105865478516,-52.0
2249,60.000003814697266,-52.0
2250,63.15789794921875,-52.0
2251,66.31578826904297,-52.0
2252,69.47368621826172,-52.0
2253,72.63158416748047,-52.0
2254,75.78947448730469,-52.0
2255,78.94737243652344,-52.0
2256,82.10526275634766,-52.0
2257,85.2631607055664,-52.0
2258,88.42105865478516,-52.0
2259,91.57894897460938,-52.0
2260,94.73684692382812,-52.0
2261,97.89473724365234,-52.0
2262,101.0526351928711,-52.0
2263,104.21053314208984,-52.0
2264,107.36842346191406,-52.0
2265,110.52632141113281,-52.0
2266,113.68421173095703,-52.0
2267,116.84210968017578,-52.0
2268,120.00000762939453,-52.0
2269,123.15789794921875,-52.0
2270,126.3157958984375,-52.0
2271,129.47369384765625,-52.0
2272,132.63157653808594,-52.0
2273,135.7894744873047,-52.0
2274,138.94737243652344,-52.0
2275,142.1052703857422,-52.0
2276,145.26316833496094,-52.0
2277,148.42105102539062,-52.0
2278,151.57894897460938,-52.0
2279,154.73684692382812,-52.0
2280,157.89474487304688,-52.0
2281,161.05264282226562,-52.0
2282,164.2105255126953,-52.0
2283,167.36842346191406,-52.0
2284,170.5263214111328,-52.0
2285,173.68421936035156,-52.0
2286,176.8421173095703,-52.0
2287,180.0,-52.0
2288,183.15789794921875,-52.0
2289,186.3157958984375,-52.0
2290,189.47369384765625,-52.0
2291,192.631591796875,-52.0
2292,195.7894744873047,-52.0
2293,198.94737243652344,-52.0
2294,202.1052703857422,-52.0
2295,205.26316833496094,-52.0
2296,208.4210662841797,-52.0
2297,211.57894897460938,-52.0
2298,214.73684692382812,-52.0
2299,217.89474487304688,-52.0
2300,221.05264282226562,-52.0
2301,224.21054077148438,-52.0
2302,227.36842346191406,-52.0
2303,230.5263214111328,-52.0
2304,233.68421936035156,-52.0
2305,236.8421173095703,-52.0
2306,240.00001525878906,-52.0
2307,243.15789794921875,-52.0
2308,246.3157958984375,-52.0
2309,249.47369384765625,-52.0
2310,252.631591796875,-52.0
2311,255.78948974609375,-52.0
2312,258.9473876953125,-52.0
2313,262.10528564453125,-52.0
2314,265.2631530761719,-52.0
2315,268.4210510253906,-52.0
2316,271.5789489746094,-52.0
2317,274.7368469238281,-52.0
2318,277.8947448730469,-52.0
2319,281.0526428222656,-52.0
2320,284.2105407714844,-52.0
2321,287.3684387207031,-52.0
2322,290.5263366699219,-52.0
2323,293.6842346191406,-52.0
2324,296.84210205078125,-52.0
2325,300.0,-52.0
2326,303.15789794921875,-52.0
2327,306.3157958984375,-52.0
2328,309.47369384765625,-52.0
2329,312.631591796875,-52.0
2330,315.78948974609375,-52.0
2331,318.9473876953125,-52.0
2332,322.10528564453125,-52.0
2333,325.26318359375,-52.0
2334,328.4210510253906,-52.0
2335,331.5789489746094,-52.0
2336,334.7368469238281,-52.0
2337,337.8947448730469,-52.0
2338,341.0526428222656,-52.0
2339,344.2105407714844,-52.0
2340,347.3684387207031,-52.0
2341,350.5263366699219,-52.0
2342,353.6842346191406,-52.0
2343,356.8421325683594,-52.0
2344,0.0,-54.0
2345,3.3027522563934326,-54.0
2346,6.605504512786865,-54.0
2347,9.908256530761719,-54.0
2348,13.21100902557373,-54.0
2349,16.513761520385742,-54.0
2350,19.816513061523438,-54.0
2351,23.119266510009766,-54.0
2352,26.42201805114746,-54.0
2353,29.724769592285156,-54.0
2354,33.027523040771484,-54.0
2355,36.33027648925781,-54.0
2356,39.633026123046875,-54.0
2357,42.9357795715332,-54.0
2358,46.23853302001953,-54.0
2359,49.541282653808594,-54.0
2360,52.84403610229492,-54.0
2361,56.14678955078125,-54.0
2362,59.44953918457031,-54.0
2363,62.75229263305664,-54.0
2364,66.05504608154297,-54.0
2365,69.35779571533203,-54.0
2366,72.66055297851562,-54.0
2367,75.96330261230469,-54.0
2368,79.26605224609375,-54.0
2369,82.56880950927734,-54.0
2370,85.8715591430664,-54.0
2371,89.17430877685547,-54.0
2372,92.47706604003906,-54.0
2373,95.77981567382812,-54.0
2374,99.08256530761719,-54.0
2375,102.38532257080078,-54.0
2376,105.68807220458984,-54.0
2377,108.9908218383789,-54.0
2378,112.2935791015625,-54.0
2379,115.59632873535156,-54.0
2380,118.89907836914062,-54.0
2381,122.20183563232422,-54.0
2382,125.50458526611328,-54.0
2383,128.80734252929688,-54.0
2384,132.11009216308594,-54.0
2385,135.412841796875,-54.0
2386,138.71559143066406,-54.0
2387,142.01834106445312,-54.0
2388,145.32110595703125,-54.0
2389,148.6238555908203,-54.0
2390,151.92660522460938,-54.0
2391,155.22935485839844,-54.0
2392,158.5321044921875,-54.0
2393,161.83485412597656,-54.0
2394,165.1376190185547,-54.0
2395,168.44036865234375,-54.0
2396,171.7431182861328,-54.0
2397,175.04586791992188,-54.0
2398,178.34861755371094,-54.0
2399,181.6513671875,-54.0
2400,184.95413208007812,-54.0
2401,188.2568817138672,-54.0
2402,191.55963134765625,-54.0
2403,194.8623809814453,-54.0
2404,198.16513061523438,-54.0
2405,201.46788024902344,-54.0
2406,204.77064514160156,-54.0
2407,208.07339477539062,-54.0
2408,211.3761444091797,-54.0
2409,214.67889404296875,-54.0
2410,217.9816436767578,-54.0
2411,221.28440856933594,-54.0
2412,224.587158203125,-54.0
2413,227.88990783691406,-54.0
2414,231.19265747070312,-54.0
2415,234.4954071044922,-54.0
2416,237.79815673828125,-54.0
2417,241.10092163085938,-54.0
2418,244.40367126464844,-54.0
2419,247.7064208984375,-54.0
2420,251.00917053222656,-54.0
2421,254.31192016601562,-54.0
2422,257.61468505859375,-54.0
2423,260.91741943359375,-54.0
2424,264.2201843261719,-54.0
2425,267.5229187011719,-54.0
2426,270.82568359375,-54.0
2427,274.1284484863281,-54.0
2428,277.4311828613281,-54.0
2429,280.73394775390625,-54.0
2430,284.03668212890625,-54.0
2431,287.3394470214844,-54.0
2432,290.6422119140625,-54.0
2433,293.9449462890625,-54.0
2434,297.2477111816406,-54.0
2435,300.5504455566406,-54.0
2436,303.85321044921875,-54.0
2437,307.15594482421875,-54.0
2438,310.4587097167969,-54.0
2439,313.761474609375,-54.0
2440,317.064208984375,-54.0
2441,320.3669738769531,-54.0
2442,323.6697082519531,-54.0
2443,326.97247314453125,-54.0
2444,330.2752380371094,-54.0
2445,333.5779724121094,-54.0
2446,336.8807373046875,-54.0
2447,340.1834716796875,-54.0
2448,343.4862365722656,-54.0
2449,346.78900146484375,-54.0
2450,350.09173583984375,-54.0
2451,353.3945007324219,-54.0
2452,356.6972351074219,-54.0
2453,0.0,-56.0
2454,3.461538553237915,-56.0
2455,6.92307710647583,-56.0
2456,10.384615898132324,-56.0
2457,13.84615421295166,-56.0
2458,17.307693481445312,-56.0
2459,20.76923179626465,-56.0
2460,24.230770111083984,-56.0
2461,27.69230842590332,-56.0
2462,31.153846740722656,-56.0
2463,34.615386962890625,-56.0
2464,38.07692337036133,-56.0
2465,41.5384635925293,-56.0
2466,45.0,-56.0
2467,48.46154022216797,-56.0
2468,51.92307662963867,-56.0
2469,55.38461685180664,-56.0
2470,58.84615707397461,-56.0
2471,62.30769348144531,-56.0
2472,65.76923370361328,-56.0
2473,69.23077392578125,-56.0
2474,72.69230651855469,-56.0
2475,76.15384674072266,-56.0
2476,79.61538696289062,-56.0
2477,83.0769271850586,-56.0
2478,86.53846740722656,-56.0
2479,90.0,-56.0
2480,93.46154022216797,-56.0
2481,96.92308044433594,-56.0
2482,100.3846206665039,-56.0
2483,103.84615325927734,-56.0
2484,107.30769348144531,-56.0
2485,110.76923370361328,-56.0
2486,114.23077392578125,-56.0
2487,117.69231414794922,-56.0
2488,121.15384674072266,-56.0
2489,124.61538696289062,-56.0
2490,128.07691955566406,-56.0
2491,131.53846740722656,-56.0
2492,135.0,-56.0
2493,138.4615478515625,-56.0
2494,141.92308044433594,-56.0
2495,145.38461303710938,-56.0
2496,148.84616088867188,-56.0
2497,152.3076934814453,-56.0
2498,155.7692413330078,-56.0
2499,159.23077392578125,-56.0
2500,162.6923065185547,-56.0
2501,166.1538543701172,-56.0
2502,169.61538696289062,-56.0
2503,173.07693481445312,-56.0
2504,176.53846740722656,-56.0
2505,180.0,-56.0
2506,183.4615478515625,-56.0
2507,186.92308044433594,-56.0
2508,190.38461303710938,-56.0
2509,193.84616088867188,-56.0
2510,197.3076934814453,-56.0
2511,200.7692413330078,-56.0
2512,204.23077392578125,-56.0
2513,207.6923065185547,-56.0
2514,211.1538543701172,-56.0
2515,214.61538696289062,-56.0
2516,218.07693481445312,-56.0
2517,221.53846740722656,-56.0
2518,225.0,-56.0
2519,228.4615478515625,-56.0
2520,231.92308044433594,-56.0
2521,235.38462829589844,-56.0
2522,238.84616088867188,-56.0
2523,242.3076934814453,-56.0
2524,245.7692413330078,-56.0
2525,249.23077392578125,-56.0
2526,252.69232177734375,-56.0
2527,256.1538391113281,-56.0
2528,259.6153869628906,-56.0
2529,263.0769348144531,-56.0
2530,266.5384826660156,-56.0
2531,270.0,-56.0
2532,273.4615478515625,-56.0
2533,276.923095703125,-56.0
2534,280.3846130371094,-56.0
2535,283.8461608886719,-56.0
2536,287.3077087402344,-56.0
2537,290.76922607421875,-56.0
2538,294.23077392578125,-56.0
2539,297.69232177734375,-56.0
2540,301.1538391113281,-56.0
2541,304.6153869628906,-56.0
2542,308.0769348144531,-56.0
2543,311.5384826660156,-56.0
2544,315.0,-56.0
2545,318.4615478515625,-56.0
2546,321.923095703125,-56.0
2547,325.3846130371094,-56.0
2548,328.8461608886719,-56.0
2549,332.3077087402344,-56.0
2550,335.76922607421875,-56.0
2551,339.23077392578125,-56.0
2552,342.69232177734375,-56.0
2553,346.15386962890625,-56.0
2554,349.6153869628906,-56.0
2555,353.0769348144531,-56.0
2556,356.5384826660156,-56.0
2557,0.0,-58.0
2558,3.6363637447357178,-58.0
2559,7.2727274894714355,-58.0
2560,10.909090995788574,-58.0
2561,14.545454978942871,-58.0
2562,18.18181800842285,-58.0
2563,21.81818199157715,-58.0
2564,25.454545974731445,-58.0
2565,29.090909957885742,-58.0
2566,32.727272033691406,-58.0
2567,36.3636360168457,-58.0
2568,40.0,-58.0
2569,43.6363639831543,-58.0
2570,47.272727966308594,-58.0
2571,50.90909194946289,-58.0
2572,54.54545593261719,-58.0
2573,58.181819915771484,-58.0
2574,61.81818389892578,-58.0
2575,65.45454406738281,-58.0
2576,69.09091186523438,-58.0
2577,72.7272720336914,-58.0
2578,76.36363983154297,-58.0
2579,80.0,-58.0
2580,83.63636779785156,-58.0
2581,87.2727279663086,-58.0
2582,90.90909576416016,-58.0
2583,94.54545593261719,-58.0
2584,98.18182373046875,-58.0
2585,101.81818389892578,-58.0
2586,105.45455169677734,-58.0
2587,109.09091186523438,-58.0
2588,112.72727966308594,-58.0
2589,116.36363983154297,-58.0
2590,120.0,-58.0
2591,123.63636779785156,-58.0
2592,127.2727279663086,-58.0
2593,130.90908813476562,-58.0
2594,134.5454559326172,-58.0
2595,138.18182373046875,-58.0
2596,141.8181915283203,-58.0
2597,145.4545440673828,-58.0
2598,149.09091186523438,-58.0
2599,152.72727966308594,-58.0
2600,156.3636474609375,-58.0
2601,160.0,-58.0
2602,163.63636779785156,-58.0
2603,167.27273559570312,-58.0
2604,170.9091033935547,-58.0
2605,174.5454559326172,-58.0
2606,178.18182373046875,-58.0
2607,181.8181915283203,-58.0
2608,185.4545440673828,-58.0
2609,189.09091186523438,-58.0
2610,192.72727966308594,-58.0
2611,196.3636474609375,-58.0
2612,200.0,-58.0
2613,203.63636779785156,-58.0
2614,207.27273559570312,-58.0
2615,210.9091033935547,-58.0
2616,214.5454559326172,-58.0
2617,218.18182373046875,-58.0
2618,221.8181915283203,-58.0
2619,225.45455932617188,-58.0
2620,229.09091186523438,-58.0
2621,232.72727966308594,-58.0
2622,236.3636474609375,-58.0
2623,240.0,-58.0
2624,243.63636779785156,-58.0
2625,247.27273559570312,-58.0
2626,250.9091033935547,-58.0
2627,254.5454559326172,-58.0
2628,258.18182373046875,-58.0
2629,261.81817626953125,-58.0
2630,265.4545593261719,-58.0
2631,269.0909118652344,-58.0
2632,272.727294921875,-58.0
2633,276.3636474609375,-58.0
2634,280.0,-58.0
2635,283.6363830566406,-58.0
2636,287.2727355957031,-58.0
2637,290.9090881347656,-58.0
2638,294.54547119140625,-58.0
2639,298.18182373046875,-58.0
2640,301.81817626953125,-58.0
2641,305.4545593261719,-58.0
2642,309.0909118652344,-58.0
2643,312.727294921875,-58.0
2644,316.3636474609375,-58.0
2645,320.0,-58.0
2646,323.6363830566406,-58.0
2647,327.2727355957031,-58.0
2648,330.9090881347656,-58.0
2649,334.54547119140625,-58.0
2650,338.18182373046875,-58.0
2651,341.8182067871094,-58.0
2652,345.4545593261719,-58.0
2653,349.0909118652344,-58.0
2654,352.727294921875,-58.0
2655,356.3636474609375,-58.0
2656,0.0,-60.0
2657,3.8709676265716553,-60.0
2658,7.7419352531433105,-60.0
2659,11.612902641296387,-60.0
2660,15.483870506286621,-60.0
2661,19.35483741760254,-60.0
2662,23.225805282592773,-60.0
2663,27.096773147583008,-60.0
2664,30.967741012573242,-60.0
2665,34.838706970214844,-60.0
2666,38.70967483520508,-60.0
2667,42.58064270019531,-60.0
2668,46.45161056518555,-60.0
2669,50.32257843017578,-60.0
2670,54.193546295166016,-60.0
2671,58.06451416015625,-60.0
2672,61.935482025146484,-60.0
2673,65.80644989013672,-60.0
2674,69.67741394042969,-60.0
2675,73.54838562011719,-60.0
2676,77.41934967041016,-60.0
2677,81.29032135009766,-60.0
2678,85.16128540039062,-60.0
2679,89.03225708007812,-60.0
2680,92.9032211303711,-60.0
2681,96.7741928100586,-60.0
2682,100.64515686035156,-60.0
2683,104.51612854003906,-60.0
2684,108.38709259033203,-60.0
2685,112.25806427001953,-60.0
2686,116.1290283203125,-60.0
2687,120.0,-60.0
2688,123.87096405029297,-60.0
2689,127.74192810058594,-60.0
2690,131.61289978027344,-60.0
2691,135.48387145996094,-60.0
2692,139.35482788085938,-60.0
2693,143.22579956054688,-60.0
2694,147.09677124023438,-60.0
2695,150.96774291992188,-60.0
2696,154.8386993408203,-60.0
2697,158.7096710205078,-60.0
2698,162.5806427001953,-60.0
2699,166.4516143798828,-60.0
2700,170.32257080078125,-60.0
2701,174.19354248046875,-60.0
2702,178.06451416015625,-60.0
2703,181.93548583984375,-60.0
2704,185.8064422607422,-60.0
2705,189.6774139404297,-60.0
2706,193.5483856201172,-60.0
2707,197.41934204101562,-60.0
2708,201.29031372070312,-60.0
2709,205.16128540039062,-60.0
2710,209.03225708007812,-60.0
2711,212.90321350097656,-60.0
2712,216.77418518066406,-60.0
2713,220.64515686035156,-60.0
2714,224.51612854003906,-60.0
2715,228.3870849609375,-60.0
2716,232.258056640625,-60.0
2717,236.1290283203125,-60.0
2718,240.0,-60.0
2719,243.87095642089844,-60.0
2720,247.74192810058594,-60.0
2721,251.61289978027344,-60.0
2722,255.48385620117188,-60.0
2723,259.3548278808594,-60.0
2724,263.2257995605469,-60.0
2725,267.0967712402344,-60.0
2726,270.9677429199219,-60.0
2727,274.8387145996094,-60.0
2728,278.70965576171875,-60.0
2729,282.58062744140625,-60.0
2730,286.45159912109375,-60.0
2731,290.32257080078125,-60.0
2732,294.19354248046875,-60.0
2733,298.06451416015625,-60.0
2734,301.93548583984375,-60.0
2735,305.80645751953125,-60.0
2736,309.6773986816406,-60.0
2737,313.5483703613281,-60.0
2738,317.4193420410156,-60.0
2739,321.2903137207031,-60.0
2740,325.1612854003906,-60.0
2741,329.0322570800781,-60.0
2742,332.9032287597656,-60.0
2743,336.774169921875,-60.0
2744,340.6451416015625,-60.0
2745,344.51611328125,-60.0
2746,348.3870849609375,-60.0
2747,352.258056640625,-60.0
2748,356.1290283203125,-60.0
