ra,dec,ra_width,dec_width,exptime
111.24463519313304,-33.9622641509434,1.3433,0.8960944444444444,120.0
114.95798319327731,-32.26415094339622,1.3433,0.8960944444444444,360.0
116.47058823529412,-32.26415094339622,1.3433,0.8960944444444444,360.0
117.98319327731092,-32.26415094339622,1.3433,0.8960944444444444,360.0
119.49579831932772,-32.26415094339622,1.3433,0.8960944444444444,360.0
121.00840336134456,-32.26415094339622,1.3433,0.8960944444444444,360.0
122.52100840336136,-32.26415094339622,1.3433,0.8960944444444444,360.0
124.03361344537814,-32.26415094339622,1.3433,0.8960944444444444,360.0
125.54621848739497,-32.26415094339622,1.3433,0.8960944444444444,360.0
127.05882352941175,-32.26415094339622,1.3433,0.8960944444444444,360.0
111.0,-31.41509433962264,1.3433,0.8960944444444444,120.0
114.0,-31.41509433962264,1.3433,0.8960944444444444,360.0
115.5,-31.41509433962264,1.3433,0.8960944444444444,360.0
117.0,-31.41509433962264,1.3433,0.8960944444444444,360.0
118.5,-31.41509433962264,1.3433,0.8960944444444444,360.0
120.0,-31.41509433962264,1.3433,0.8960944444444444,360.0
121.5,-31.41509433962264,1.3433,0.8960944444444444,360.0
123.0,-31.41509433962264,1.3433,0.8960944444444444,360.0
124.5,-31.41509433962264,1.3433,0.8960944444444444,360.0
126.0,-31.41509433962264,1.3433,0.8960944444444444,360.0
127.5,-31.41509433962264,1.3433,0.8960944444444444,360.0
114.54545454545456,-30.566037735849054,1.3433,0.8960944444444444,360.0
116.03305785123968,-30.566037735849054,1.3433,0.8960944444444444,360.0
117.5206611570248,-30.566037735849054,1.3433,0.8960944444444444,360.0
119.00826446280992,-30.566037735849054,1.3433,0.8960944444444444,360.0
120.49586776859503,-30.566037735849054,1.3433,0.8960944444444444,360.0
121.98347107438018,-30.566037735849054,1.3433,0.8960944444444444,360.0
123.47107438016528,-30.566037735849054,1.3433,0.8960944444444444,360.0
124.9586776859504,-30.566037735849054,1.3433,0.8960944444444444,360.0
126.44628099173556,-30.566037735849054,1.3433,0.8960944444444444,360.0
115.08196721311477,-29.716981132075464,1.3433,0.8960944444444444,360.0
116.55737704918032,-29.716981132075464,1.3433,0.8960944444444444,360.0
118.03278688524588,-29.716981132075464,1.3433,0.8960944444444444,360.0
119.50819672131146,-29.716981132075464,1.3433,0.8960944444444444,360.0
120.98360655737704,-29.716981132075464,1.3433,0.8960944444444444,360.0
122.45901639344262,-29.716981132075464,1.3433,0.8960944444444444,360.0
123.9344262295082,-29.716981132075464,1.3433,0.8960944444444444,360.0
125.40983606557376,-29.716981132075464,1.3433,0.8960944444444444,360.0
126.88524590163934,-29.716981132075464,1.3433,0.8960944444444444,360.0
111.21951219512196,-28.867924528301884,1.3433,0.8960944444444444,120.0
114.14634146341464,-28.867924528301884,1.3433,0.8960944444444444,360.0
115.60975609756098,-28.867924528301884,1.3433,0.8960944444444444,360.0
117.07317073170732,-28.867924528301884,1.3433,0.8960944444444444,360.0
118.53658536585364,-28.867924528301884,1.3433,0.8960944444444444,360.0
120.0,-28.867924528301884,1.3433,0.8960944444444444,360.0
121.46341463414632,-28.867924528301884,1.3433,0.8960944444444444,360.0
122.92682926829268,-28.867924528301884,1.3433,0.8960944444444444,360.0
124.39024390243902,-28.867924528301884,1.3433,0.8960944444444444,360.0
125.85365853658536,-28.867924528301884,1.3433,0.8960944444444444,360.0
127.31707317073167,-28.867924528301884,1.3433,0.8960944444444444,360.0
114.6774193548387,-28.0188679245283,1.3433,0.8960944444444444,360.0
116.12903225806453,-28.0188679245283,1.3433,0.8960944444444444,360.0
117.58064516129032,-28.0188679245283,1.3433,0.8960944444444444,360.0
119.03225806451611,-28.0188679245283,1.3433,0.8960944444444444,360.0
120.48387096774192,-28.0188679245283,1.3433,0.8960944444444444,360.0
121.93548387096774,-28.0188679245283,1.3433,0.8960944444444444,360.0
123.38709677419357,-28.0188679245283,1.3433,0.8960944444444444,360.0
124.83870967741936,-28.0188679245283,1.3433,0.8960944444444444,360.0
126.29032258064515,-28.0188679245283,1.3433,0.8960944444444444,360.0
127.74193548387098,-28.0188679245283,1.3433,0.8960944444444444,360.0
110.88,-27.169811320754707,1.3433,0.8960944444444444,120.0
115.2,-27.169811320754707,1.3433,0.8960944444444444,360.0
116.64,-27.169811320754707,1.3433,0.8960944444444444,360.0
118.08,-27.169811320754707,1.3433,0.8960944444444444,360.0
119.52,-27.169811320754707,1.3433,0.8960944444444444,360.0
120.96,-27.169811320754707,1.3433,0.8960944444444444,360.0
122.4,-27.169811320754707,1.3433,0.8960944444444444,360.0
123.84,-27.169811320754707,1.3433,0.8960944444444444,360.0
125.28000000000002,-27.169811320754707,1.3433,0.8960944444444444,360.0
126.72,-27.169811320754707,1.3433,0.8960944444444444,360.0
114.28571428571428,-26.320754716981128,1.3433,0.8960944444444444,360.0
115.71428571428572,-26.320754716981128,1.3433,0.8960944444444444,360.0
117.14285714285715,-26.320754716981128,1.3433,0.8960944444444444,360.0
118.57142857142858,-26.320754716981128,1.3433,0.8960944444444444,360.0
120.0,-26.320754716981128,1.3433,0.8960944444444444,360.0
121.42857142857144,-26.320754716981128,1.3433,0.8960944444444444,360.0
122.85714285714286,-26.320754716981128,1.3433,0.8960944444444444,360.0
124.28571428571428,-26.320754716981128,1.3433,0.8960944444444444,360.0
125.71428571428572,-26.320754716981128,1.3433,0.8960944444444444,360.0
127.14285714285715,-26.320754716981128,1.3433,0.8960944444444444,360.0
113.83399209486164,-25.471698113207545,1.3433,0.8960944444444444,360.0
115.2569169960474,-25.471698113207545,1.3433,0.8960944444444444,360.0
116.6798418972332,-25.471698113207545,1.3433,0.8960944444444444,360.0
118.10276679841895,-25.471698113207545,1.3433,0.8960944444444444,360.0
119.52569169960474,-25.471698113207545,1.3433,0.8960944444444444,360.0
120.9486166007905,-25.471698113207545,1.3433,0.8960944444444444,360.0
122.37154150197628,-25.471698113207545,1.3433,0.8960944444444444,360.0
123.79446640316206,-25.471698113207545,1.3433,0.8960944444444444,360.0
125.21739130434784,-25.471698113207545,1.3433,0.8960944444444444,360.0
126.6403162055336,-25.471698113207545,1.3433,0.8960944444444444,360.0
114.35294117647058,-24.622641509433965,1.3433,0.8960944444444444,360.0
115.76470588235294,-24.622641509433965,1.3433,0.8960944444444444,360.0
117.17647058823528,-24.622641509433965,1.3433,0.8960944444444444,360.0
118.58823529411764,-24.622641509433965,1.3433,0.8960944444444444,360.0
120.0,-24.622641509433965,1.3433,0.8960944444444444,360.0
121.41176470588232,-24.622641509433965,1.3433,0.8960944444444444,360.0
122.82352941176472,-24.622641509433965,1.3433,0.8960944444444444,360.0
124.23529411764706,-24.622641509433965,1.3433,0.8960944444444444,360.0
125.6470588235294,-24.622641509433965,1.3433,0.8960944444444444,360.0
127.05882352941175,-24.622641509433965,1.3433,0.8960944444444444,360.0
114.86381322957196,-23.77358490566037,1.3433,0.8960944444444444,360.0
116.26459143968872,-23.77358490566037,1.3433,0.8960944444444444,360.0
117.66536964980546,-23.77358490566037,1.3433,0.8960944444444444,360.0
119.06614785992215,-23.77358490566037,1.3433,0.8960944444444444,360.0
120.46692607003892,-23.77358490566037,1.3433,0.8960944444444444,360.0
121.86770428015564,-23.77358490566037,1.3433,0.8960944444444444,360.0
123.26848249027238,-23.77358490566037,1.3433,0.8960944444444444,360.0
124.66926070038912,-23.77358490566037,1.3433,0.8960944444444444,360.0
126.07003891050584,-23.77358490566037,1.3433,0.8960944444444444,360.0
127.47081712062256,-23.77358490566037,1.3433,0.8960944444444444,360.0
114.41860465116278,-22.92452830188679,1.3433,0.8960944444444444,360.0
115.81395348837208,-22.92452830188679,1.3433,0.8960944444444444,360.0
117.2093023255814,-22.92452830188679,1.3433,0.8960944444444444,360.0
118.60465116279067,-22.92452830188679,1.3433,0.8960944444444444,360.0
120.0,-22.92452830188679,1.3433,0.8960944444444444,360.0
121.3953488372093,-22.92452830188679,1.3433,0.8960944444444444,360.0
122.7906976744186,-22.92452830188679,1.3433,0.8960944444444444,360.0
124.1860465116279,-22.92452830188679,1.3433,0.8960944444444444,360.0
125.5813953488372,-22.92452830188679,1.3433,0.8960944444444444,360.0
126.97674418604652,-22.92452830188679,1.3433,0.8960944444444444,360.0
110.76923076923076,-22.07547169811321,1.3433,0.8960944444444444,240.0
114.92307692307692,-22.07547169811321,1.3433,0.8960944444444444,360.0
116.3076923076923,-22.07547169811321,1.3433,0.8960944444444444,360.0
117.6923076923077,-22.07547169811321,1.3433,0.8960944444444444,360.0
119.07692307692308,-22.07547169811321,1.3433,0.8960944444444444,360.0
120.46153846153844,-22.07547169811321,1.3433,0.8960944444444444,360.0
121.84615384615384,-22.07547169811321,1.3433,0.8960944444444444,360.0
123.23076923076924,-22.07547169811321,1.3433,0.8960944444444444,360.0
124.6153846153846,-22.07547169811321,1.3433,0.8960944444444444,360.0
126.0,-22.07547169811321,1.3433,0.8960944444444444,360.0
127.3846153846154,-22.07547169811321,1.3433,0.8960944444444444,360.0
114.48275862068968,-21.22641509433961,1.3433,0.8960944444444444,360.0
115.86206896551724,-21.22641509433961,1.3433,0.8960944444444444,360.0
117.24137931034484,-21.22641509433961,1.3433,0.8960944444444444,360.0
118.6206896551724,-21.22641509433961,1.3433,0.8960944444444444,360.0
120.0,-21.22641509433961,1.3433,0.8960944444444444,360.0
121.3793103448276,-21.22641509433961,1.3433,0.8960944444444444,360.0
122.75862068965516,-21.22641509433961,1.3433,0.8960944444444444,360.0
124.13793103448276,-21.22641509433961,1.3433,0.8960944444444444,360.0
125.51724137931032,-21.22641509433961,1.3433,0.8960944444444444,360.0
126.89655172413796,-21.22641509433961,1.3433,0.8960944444444444,360.0
110.8745247148289,-20.377358490566035,1.3433,0.8960944444444444,120.0
114.98098859315589,-20.377358490566035,1.3433,0.8960944444444444,360.0
116.34980988593156,-20.377358490566035,1.3433,0.8960944444444444,360.0
117.7186311787072,-20.377358490566035,1.3433,0.8960944444444444,360.0
119.08745247148288,-20.377358490566035,1.3433,0.8960944444444444,360.0
120.45627376425854,-20.377358490566035,1.3433,0.8960944444444444,360.0
121.82509505703422,-20.377358490566035,1.3433,0.8960944444444444,360.0
123.19391634980988,-20.377358490566035,1.3433,0.8960944444444444,360.0
124.56273764258556,-20.377358490566035,1.3433,0.8960944444444444,360.0
125.9315589353612,-20.377358490566035,1.3433,0.8960944444444444,360.0
127.30038022813687,-20.377358490566035,1.3433,0.8960944444444444,360.0
114.54545454545456,-19.52830188679245,1.3433,0.8960944444444444,360.0
115.9090909090909,-19.52830188679245,1.3433,0.8960944444444444,360.0
117.27272727272728,-19.52830188679245,1.3433,0.8960944444444444,360.0
118.63636363636364,-19.52830188679245,1.3433,0.8960944444444444,360.0
120.0,-19.52830188679245,1.3433,0.8960944444444444,360.0
121.36363636363636,-19.52830188679245,1.3433,0.8960944444444444,360.0
122.72727272727272,-19.52830188679245,1.3433,0.8960944444444444,360.0
124.09090909090908,-19.52830188679245,1.3433,0.8960944444444444,360.0
125.45454545454544,-19.52830188679245,1.3433,0.8960944444444444,360.0
126.81818181818184,-19.52830188679245,1.3433,0.8960944444444444,360.0
115.0375939849624,-18.679245283018854,1.3433,0.8960944444444444,360.0
116.39097744360902,-18.679245283018854,1.3433,0.8960944444444444,360.0
117.74436090225564,-18.679245283018854,1.3433,0.8960944444444444,360.0
119.09774436090224,-18.679245283018854,1.3433,0.8960944444444444,360.0
120.45112781954889,-18.679245283018854,1.3433,0.8960944444444444,360.0
121.80451127819548,-18.679245283018854,1.3433,0.8960944444444444,360.0
123.1578947368421,-18.679245283018854,1.3433,0.8960944444444444,360.0
124.51127819548871,-18.679245283018854,1.3433,0.8960944444444444,360.0
125.86466165413532,-18.679245283018854,1.3433,0.8960944444444444,360.0
127.21804511278197,-18.679245283018854,1.3433,0.8960944444444444,360.0
111.07806691449814,-16.132075471698105,1.3433,0.8960944444444444,120.0
