id ra dec ra1 dec1 ra2 dec2 ra3 dec3 ra4 dec4 matched_idx distance_to_boundary overlapped_area
T08415 111.24463519313305 -33.9622641509434 112.06909003349016 -33.502000893228534 112.07800577437739 -34.41697101110395 110.41126461188873 -34.41697101110395 110.42018035277596 -33.50200089322853 0 0.45470686016055595 1
T08887 114.95798319327731 -32.26415094339622 115.76692606450897 -31.804060152352665 115.77512255298052 -32.71903390162755 114.1408438335741 -32.71903390162755 114.14904032204565 -31.80406015235267 1 0.45488295823133035 1
T08888 116.47058823529412 -32.26415094339622 117.2795311065258 -31.80406015235267 117.28772759499734 -32.71903390162755 115.65344887559091 -32.71903390162755 115.66164536406247 -31.80406015235267 2 0.45488295823133035 1
T08889 117.98319327731093 -32.26415094339622 118.79213614854261 -31.80406015235267 118.80033263701414 -32.71903390162755 117.16605391760768 -32.71903390162754 117.17425040607925 -31.804060152352665 3 0.4548829582313268 1
T08890 119.49579831932773 -32.26415094339622 120.30474119055938 -31.80406015235267 120.31293767903095 -32.71903390162755 118.67865895962453 -32.71903390162755 118.68685544809607 -31.80406015235267 4 0.45488295823133035 1
T08891 121.00840336134455 -32.26415094339622 121.8173462325762 -31.804060152352665 121.82554272104777 -32.71903390162755 120.19126400164133 -32.71903390162755 120.19946049011287 -31.80406015235267 5 0.4548829582313303 1
T08892 122.52100840336136 -32.26415094339622 123.32995127459301 -31.804060152352665 123.33814776306457 -32.71903390162755 121.70386904365812 -32.71903390162755 121.71206553212969 -31.80406015235267 6 0.45488295823133035 1
T08893 124.03361344537814 -32.26415094339622 124.84255631660982 -31.80406015235267 124.85075280508136 -32.71903390162755 123.2164740856749 -32.71903390162755 123.22467057414647 -31.80406015235267 7 0.45488295823133035 1
T08894 125.54621848739495 -32.26415094339622 126.3551613586266 -31.80406015235267 126.36335784709817 -32.719033901627554 124.72907912769172 -32.71903390162755 124.73727561616327 -31.80406015235267 8 0.4548829582313339 1
T08895 127.05882352941177 -32.26415094339622 127.8677664006434 -31.804060152352665 127.87596288911497 -32.71903390162754 126.24168416970852 -32.71903390162755 126.24988065818009 -31.80406015235267 9 0.45488295823132674 1
T09123 110.99999999999999 -31.41509433962264 111.80166447824865 -30.95508740741601 111.80952173751068 -31.870062836593032 110.19047826248931 -31.870062836593032 110.19833552175132 -30.95508740741601 10 0.4549684969703911 1
T09125 114.0 -31.41509433962264 114.80166447824868 -30.95508740741601 114.8095217375107 -31.870062836593032 113.19047826248932 -31.870062836593032 113.19833552175135 -30.95508740741601 11 0.45496849697039116 1
T09126 115.49999999999999 -31.41509433962264 116.30166447824864 -30.95508740741601 116.30952173751069 -31.87006283659303 114.69047826248932 -31.87006283659303 114.69833552175135 -30.95508740741601 12 0.4549684969703875 1
T09127 117.0 -31.41509433962264 117.80166447824867 -30.95508740741601 117.80952173751069 -31.87006283659303 116.19047826248932 -31.870062836593032 116.19833552175135 -30.955087407416016 13 0.4549684969703893 1
T09128 118.49999999999999 -31.41509433962264 119.30166447824865 -30.955087407416016 119.30952173751068 -31.87006283659303 117.69047826248928 -31.87006283659303 117.69833552175133 -30.95508740741601 14 0.4549684969703875 1
T09129 119.99999999999999 -31.41509433962264 120.80166447824867 -30.95508740741601 120.80952173751069 -31.87006283659303 119.1904782624893 -31.870062836593032 119.19833552175135 -30.95508740741601 15 0.45496849697038927 1
T09130 121.5 -31.41509433962264 122.30166447824867 -30.95508740741601 122.30952173751069 -31.87006283659303 120.69047826248932 -31.87006283659303 120.69833552175135 -30.95508740741601 16 0.4549684969703875 1
T09131 122.99999999999999 -31.41509433962264 123.80166447824863 -30.95508740741601 123.80952173751065 -31.87006283659303 122.19047826248928 -31.87006283659303 122.1983355217513 -30.95508740741601 17 0.4549684969703875 1
T09132 124.49999999999999 -31.41509433962264 125.30166447824864 -30.955087407416016 125.30952173751066 -31.87006283659303 123.69047826248932 -31.870062836593032 123.69833552175135 -30.955087407416016 18 0.4549684969703893 1
T09133 126.0 -31.41509433962264 126.80166447824865 -30.955087407416016 126.80952173751068 -31.87006283659303 125.19047826248931 -31.87006283659303 125.19833552175135 -30.955087407416016 19 0.4549684969703875 1
T09134 127.49999999999999 -31.41509433962264 128.30166447824863 -30.955087407416016 128.30952173751066 -31.87006283659303 126.69047826248928 -31.87006283659303 126.6983355217513 -30.955087407416016 20 0.45496849697038755 1
T09366 114.54545454545455 -30.566037735849058 115.34014335813497 -30.106113184860245 115.3476738796817 -31.021090209745186 113.7432352112274 -31.021090209745193 113.75076573277413 -30.106113184860245 21 0.45505247389613496 1
T09367 116.03305785123968 -30.566037735849058 116.82774666392008 -30.106113184860245 116.83527718546684 -31.021090209745193 115.23083851701251 -31.021090209745193 115.23836903855923 -30.106113184860245 22 0.45505247389613857 1
T09368 117.52066115702479 -30.566037735849058 118.31534996970522 -30.10611318486024 118.32288049125195 -31.021090209745186 116.71844182279763 -31.021090209745186 116.72597234434434 -30.10611318486024 23 0.45505247389613146 1
T09369 119.00826446280992 -30.566037735849058 119.80295327549034 -30.106113184860245 119.81048379703708 -31.021090209745193 118.20604512858276 -31.021090209745193 118.21357565012948 -30.106113184860245 24 0.45505247389613857 1
T09370 120.49586776859503 -30.566037735849058 121.29055658127545 -30.106113184860245 121.2980871028222 -31.021090209745193 119.69364843436787 -31.021090209745193 119.7011789559146 -30.10611318486024 25 0.45505247389613857 1
T09371 121.98347107438018 -30.566037735849058 122.77815988706058 -30.106113184860245 122.78569040860734 -31.021090209745193 121.18125174015302 -31.021090209745193 121.18878226169974 -30.106113184860245 26 0.45505247389613857 1
T09372 123.47107438016529 -30.566037735849058 124.26576319284572 -30.106113184860245 124.27329371439245 -31.021090209745186 122.66885504593813 -31.021090209745186 122.67638556748489 -30.106113184860245 27 0.45505247389613146 1
T09373 124.9586776859504 -30.566037735849058 125.75336649863081 -30.10611318486024 125.76089702017757 -31.021090209745193 124.15645835172324 -31.021090209745186 124.16398887326997 -30.10611318486024 28 0.4550524738961351 1
T09374 126.44628099173555 -30.566037735849058 127.24096980441598 -30.10611318486024 127.24850032596271 -31.021090209745193 125.64406165750839 -31.021090209745193 125.6515921790551 -30.106113184860245 29 0.45505247389613857 1
T09609 115.08196721311475 -29.716981132075464 115.8699722290936 -29.257137558643326 115.87718774449557 -30.17211609936472 114.28674668173394 -30.17211609936472 114.2939621971359 -29.257137558643326 30 0.4551349672892577 1
T09610 116.55737704918032 -29.716981132075464 117.34538206515917 -29.257137558643326 117.35259758056114 -30.17211609936472 115.76215651779953 -30.17211609936472 115.76937203320146 -29.257137558643326 31 0.4551349672892578 1
T09611 118.03278688524588 -29.716981132075464 118.82079190122474 -29.257137558643326 118.8280074166267 -30.17211609936473 117.23756635386506 -30.17211609936472 117.24478186926703 -29.257137558643326 32 0.4551349672892612 1
T09612 119.50819672131146 -29.716981132075464 120.29620173729032 -29.257137558643326 120.30341725269227 -30.17211609936472 118.71297618993064 -30.172116099364715 118.72019170533261 -29.257137558643326 33 0.4551349672892542 1
T09613 120.98360655737703 -29.716981132075464 121.77161157335588 -29.257137558643326 121.77882708875785 -30.17211609936472 120.18838602599621 -30.17211609936472 120.19560154139818 -29.257137558643326 34 0.45513496728925773 1
T09614 122.45901639344262 -29.716981132075464 123.24702140942148 -29.257137558643326 123.25423692482342 -30.17211609936472 121.6637958620618 -30.17211609936472 121.67101137746377 -29.257137558643326 35 0.4551349672892578 1
T09615 123.93442622950819 -29.716981132075464 124.72243124548704 -29.257137558643333 124.72964676088898 -30.17211609936472 123.13920569812736 -30.17211609936472 123.14642121352934 -29.257137558643326 36 0.4551349672892577 1
T09616 125.40983606557377 -29.716981132075464 126.19784108155262 -29.257137558643326 126.20505659695459 -30.17211609936472 124.61461553419295 -30.17211609936472 124.62183104959492 -29.257137558643326 37 0.45513496728925773 1
T09617 126.88524590163934 -29.716981132075464 127.67325091761819 -29.257137558643333 127.68046643302016 -30.17211609936472 126.09002537025852 -30.17211609936472 126.09724088566048 -29.257137558643333 38 0.45513496728925773 1
T09851 111.21951219512195 -28.867924528301884 112.00111508138818 -28.408160599011673 112.00802661259702 -29.323140579709964 110.43099777764688 -29.323140579709964 110.43790930885572 -28.408160599011673 39 0.4552160514080797 1
T09853 114.14634146341463 -28.867924528301884 114.92794434968086 -28.408160599011673 114.9348558808897 -29.32314057970997 113.35782704593956 -29.323140579709964 113.3647385771484 -28.408160599011673 40 0.45521605140808324 1
T09854 115.60975609756098 -28.867924528301884 116.3913589838272 -28.408160599011676 116.39827051503606 -29.32314057970997 114.8212416800859 -29.323140579709964 114.82815321129476 -28.408160599011673 41 0.45521605140808324 1
T09855 117.07317073170731 -28.867924528301884 117.85477361797352 -28.408160599011673 117.86168514918238 -29.323140579709964 116.28465631423225 -29.32314057970997 116.29156784544108 -28.408160599011673 42 0.4552160514080832 1
T09856 118.53658536585364 -28.867924528301884 119.31818825211987 -28.40816059901167 119.32509978332872 -29.323140579709964 117.74807094837858 -29.323140579709964 117.75498247958743 -28.408160599011673 43 0.4552160514080797 1
T09857 119.99999999999999 -28.867924528301884 120.78160288626621 -28.408160599011673 120.78851441747504 -29.32314057970997 119.21148558252492 -29.32314057970997 119.21839711373377 -28.40816059901167 44 0.4552160514080868 1
T09858 121.46341463414633 -28.867924528301884 122.24501752041256 -28.408160599011673 122.25192905162139 -29.323140579709964 120.67490021667125 -29.32314057970997 120.68181174788012 -28.408160599011676 45 0.4552160514080832 1
T09859 122.92682926829268 -28.867924528301884 123.7084321545589 -28.40816059901167 123.71534368576773 -29.323140579709964 122.1383148508176 -29.323140579709964 122.14522638202646 -28.40816059901167 46 0.4552160514080797 1
T09860 124.39024390243902 -28.867924528301884 125.17184678870524 -28.408160599011673 125.17875831991408 -29.323140579709964 123.60172948496394 -29.323140579709964 123.60864101617281 -28.40816059901167 47 0.4552160514080797 1
T09861 125.85365853658537 -28.867924528301884 126.63526142285158 -28.408160599011673 126.64217295406043 -29.32314057970997 125.06514411911029 -29.323140579709964 125.07205565031916 -28.40816059901167 48 0.45521605140808324 1
T09862 127.31707317073169 -28.867924528301884 128.0986760569979 -28.408160599011676 128.10558758820676 -29.32314057970997 126.5285587532566 -29.32314057970997 126.53547028446548 -28.408160599011676 49 0.45521605140808674 1
T10100 114.6774193548387 -28.0188679245283 115.45289219053853 -27.55918237276448 115.45951009599467 -28.474163721306052 113.89532861368274 -28.474163721306052 113.90194651913885 -27.55918237276448 50 0.4552957967777509 1
T10101 116.12903225806453 -28.0188679245283 116.90450509376436 -27.559182372764482 116.9111229992205 -28.474163721306056 115.34694151690854 -28.474163721306056 115.35355942236468 -27.559182372764482 51 0.4552957967777544 1
T10102 117.58064516129032 -28.0188679245283 118.35611799699016 -27.559182372764482 118.3627359024463 -28.474163721306056 116.79855442013437 -28.474163721306056 116.80517232559049 -27.559182372764482 52 0.45529579677775445 1
T10103 119.03225806451613 -28.0188679245283 119.80773090021596 -27.55918237276448 119.81434880567208 -28.474163721306052 118.25016732336015 -28.474163721306056 118.25678522881628 -27.55918237276448 53 0.4552957967777527 1
T10104 120.48387096774192 -28.0188679245283 121.25934380344177 -27.55918237276448 121.26596170889788 -28.474163721306052 119.70178022658595 -28.474163721306052 119.70839813204209 -27.559182372764482 54 0.4552957967777509 1
T10105 121.93548387096774 -28.0188679245283 122.71095670666759 -27.55918237276448 122.7175746121237 -28.47416372130605 121.15339312981177 -28.474163721306045 121.16001103526791 -27.55918237276448 55 0.4552957967777456 1
T10106 123.38709677419355 -28.0188679245283 124.16256960989338 -27.55918237276448 124.16918751534952 -28.474163721306056 122.6050060330376 -28.474163721306056 122.61162393849371 -27.559182372764482 56 0.4552957967777545 1
T10107 124.83870967741935 -28.0188679245283 125.61418251311919 -27.559182372764482 125.6208004185753 -28.47416372130606 124.05661893626339 -28.47416372130606 124.06323684171952 -27.559182372764482 57 0.45529579677775806 1
T10108 126.29032258064515 -28.0188679245283 127.06579541634498 -27.55918237276448 127.07241332180112 -28.474163721306056 125.5082318394892 -28.474163721306052 125.51484974494531 -27.55918237276448 58 0.4552957967777527 1
T10109 127.74193548387098 -28.0188679245283 128.51740831957082 -27.55918237276448 128.52402622502692 -28.474163721306056 126.95984474271499 -28.474163721306056 126.96646264817113 -27.55918237276448 59 0.4552957967777545 1
T10346 110.88000000000001 -27.169811320754707 111.6496058513561 -26.710202943497553 111.65593986828867 -27.62518559121119 110.10406013171135 -27.625185591211185 110.1103941486439 -26.710202943497553 60 0.4553742704564793 1
T10349 115.2 -27.169811320754707 115.96960585135609 -26.710202943497553 115.97593986828869 -27.625185591211185 114.42406013171136 -27.625185591211185 114.43039414864391 -26.71020294349755 61 0.45537427045647766 1
T10350 116.64 -27.169811320754707 117.40960585135609 -26.710202943497553 117.41593986828865 -27.62518559121119 115.86406013171134 -27.625185591211185 115.87039414864391 -26.710202943497553 62 0.4553742704564793 1
T10351 118.08000000000001 -27.169811320754707 118.8496058513561 -26.710202943497553 118.85593986828866 -27.625185591211185 117.30406013171135 -27.625185591211185 117.31039414864392 -26.710202943497553 63 0.4553742704564775 1
T10352 119.52 -27.169811320754707 120.28960585135609 -26.710202943497553 120.29593986828866 -27.625185591211185 118.74406013171134 -27.625185591211185 118.7503941486439 -26.710202943497553 64 0.4553742704564776 1
T10353 120.96000000000001 -27.169811320754707 121.7296058513561 -26.710202943497553 121.73593986828867 -27.62518559121118 120.18406013171133 -27.62518559121118 120.19039414864389 -26.710202943497553 65 0.45537427045647405 1
T10354 122.39999999999999 -27.169811320754707 123.16960585135608 -26.710202943497553 123.17593986828865 -27.625185591211185 121.62406013171132 -27.625185591211185 121.63039414864389 -26.710202943497553 66 0.45537427045647766 1
T10355 123.84 -27.169811320754707 124.6096058513561 -26.71020294349755 124.61593986828866 -27.625185591211185 123.06406013171136 -27.625185591211185 123.0703941486439 -26.710202943497553 67 0.4553742704564775 1
T10356 125.28000000000002 -27.169811320754707 126.0496058513561 -26.710202943497553 126.05593986828868 -27.625185591211185 124.50406013171137 -27.625185591211185 124.51039414864393 -26.710202943497553 68 0.4553742704564775 1
T10357 126.72 -27.169811320754707 127.48960585135609 -26.710202943497553 127.49593986828866 -27.625185591211185 125.94406013171132 -27.62518559121118 125.9503941486439 -26.71020294349755 69 0.4553742704564758 1
T10599 114.28571428571429 -26.320754716981128 115.0497077450266 -25.86122237182828 115.05576702829418 -26.776206253261968 113.51566154313441 -26.77620625326197 113.521720826402 -25.86122237182828 70 0.45545153628084206 1
T10600 115.71428571428571 -26.320754716981128 116.478279173598 -25.86122237182828 116.4843384568656 -26.776206253261968 114.94423297170583 -26.77620625326197 114.95029225497342 -25.86122237182828 71 0.45545153628084206 1
T10601 117.14285714285715 -26.320754716981128 117.90685060216944 -25.86122237182828 117.91290988543703 -26.77620625326197 116.37280440027726 -26.77620625326197 116.37886368354486 -25.861222371828283 72 0.4554515362808438 1
T10602 118.57142857142858 -26.320754716981128 119.33542203074087 -25.86122237182828 119.34148131400846 -26.77620625326197 117.8013758288487 -26.77620625326197 117.8074351121163 -25.86122237182828 73 0.4554515362808438 1
T10603 120.00000000000001 -26.320754716981128 120.7639934593123 -25.86122237182828 120.77005274257989 -26.77620625326197 119.22994725742014 -26.77620625326197 119.23600654068773 -25.86122237182828 74 0.4554515362808438 1
T10604 121.42857142857143 -26.320754716981128 122.19256488788372 -25.861222371828283 122.19862417115131 -26.77620625326197 120.65851868599154 -26.77620625326197 120.66457796925914 -25.861222371828283 75 0.4554515362808438 1
T10605 122.85714285714286 -26.320754716981128 123.62113631645515 -25.861222371828276 123.62719559972274 -26.77620625326197 122.08709011456298 -26.77620625326197 122.09314939783054 -25.86122237182828 76 0.4554515362808438 1
T10606 124.28571428571429 -26.320754716981128 125.04970774502658 -25.86122237182828 125.05576702829417 -26.776206253261968 123.51566154313441 -26.77620625326197 123.521720826402 -25.86122237182828 77 0.455451536280842 1
T10607 125.71428571428572 -26.320754716981128 126.47827917359801 -25.861222371828283 126.48433845686561 -26.77620625326197 124.94423297170584 -26.77620625326197 124.95029225497343 -25.86122237182828 78 0.4554515362808438 1
T10608 127.14285714285717 -26.320754716981128 127.90685060216947 -25.861222371828283 127.91290988543705 -26.77620625326197 126.37280440027727 -26.776206253261975 126.37886368354488 -25.861222371828287 79 0.4554515362808456 1
T10851 113.83399209486164 -25.471698113207545 114.59261978650028 -25.012240715603447 114.59841294428354 -25.927225768299653 113.06957124543977 -25.927225768299653 113.07536440322303 -25.012240715603447 80 0.4555276550921086 1
T10852 115.25691699604741 -25.471698113207545 116.01554468768605 -25.012240715603447 116.0213378454693 -25.927225768299653 114.49249614662554 -25.927225768299653 114.4982893044088 -25.012240715603447 81 0.4555276550921086 1
T10853 116.6798418972332 -25.471698113207545 117.43846958887184 -25.012240715603443 117.44426274665508 -25.927225768299653 115.91542104781132 -25.927225768299653 115.92121420559457 -25.012240715603447 82 0.4555276550921086 1
T10854 118.10276679841897 -25.471698113207545 118.86139449005758 -25.01224071560344 118.86718764784082 -25.92722576829965 117.33834594899709 -25.92722576829965 117.34413910678033 -25.01224071560344 83 0.455527655092105 1
T10855 119.52569169960474 -25.471698113207545 120.28431939124337 -25.012240715603443 120.29011254902659 -25.92722576829965 118.76127085018285 -25.92722576829965 118.7670640079661 -25.012240715603443 84 0.455527655092105 1
T10856 120.9486166007905 -25.471698113207545 121.70724429242914 -25.012240715603443 121.71303745021238 -25.92722576829965 120.18419575136862 -25.927225768299653 120.18998890915186 -25.012240715603443 85 0.4555276550921068 1
T10857 122.37154150197627 -25.471698113207545 123.1301691936149 -25.012240715603447 123.13596235139815 -25.927225768299653 121.60712065255439 -25.927225768299653 121.61291381033763 -25.012240715603447 86 0.4555276550921086 1
T10858 123.79446640316206 -25.471698113207545 124.55309409480068 -25.012240715603443 124.55888725258394 -25.927225768299653 123.0300455537402 -25.927225768299653 123.03583871152343 -25.012240715603443 87 0.4555276550921086 1
T10859 125.21739130434783 -25.471698113207545 125.97601899598644 -25.012240715603447 125.98181215376968 -25.927225768299653 124.45297045492595 -25.927225768299653 124.45876361270919 -25.012240715603447 88 0.4555276550921086 1
T10860 126.6403162055336 -25.471698113207545 127.39894389717222 -25.012240715603447 127.40473705495545 -25.927225768299653 125.8758953561117 -25.92722576829965 125.88168851389496 -25.01224071560344 89 0.4555276550921068 1
T11105 114.35294117647058 -24.622641509433965 115.10644223251292 -24.16325803009165 115.11197735913828 -25.07824419437932 113.59390499380288 -25.07824419437932 113.59944012042824 -24.16325803009165 90 0.45560268494535444 1
T11106 115.76470588235294 -24.622641509433965 116.5182069383953 -24.16325803009165 116.52374206502063 -25.07824419437932 115.00566969968523 -25.07824419437932 115.0112048263106 -24.16325803009165 91 0.45560268494535444 1
T11107 117.17647058823529 -24.622641509433965 117.92997164427764 -24.163258030091654 117.935506770903 -25.07824419437932 116.4174344055676 -25.07824419437932 116.42296953219295 -24.163258030091654 92 0.45560268494535444 1
T11108 118.58823529411764 -24.622641509433965 119.34173635015999 -24.163258030091654 119.34727147678532 -25.07824419437932 117.82919911144995 -25.07824419437932 117.8347342380753 -24.163258030091654 93 0.4556026849453545 1
T11109 119.99999999999999 -24.622641509433965 120.75350105604234 -24.163258030091647 120.75903618266767 -25.07824419437932 119.2409638173323 -25.07824419437932 119.24649894395765 -24.163258030091647 94 0.4556026849453545 1
T11110 121.41176470588233 -24.622641509433965 122.16526576192469 -24.16325803009165 122.17080088855002 -25.07824419437932 120.65272852321465 -25.07824419437932 120.65826364984 -24.163258030091654 95 0.4556026849453545 1
T11111 122.82352941176471 -24.622641509433965 123.57703046780706 -24.16325803009165 123.5825655944324 -25.07824419437932 122.064493229097 -25.07824419437932 122.07002835572237 -24.16325803009165 96 0.45560268494535444 1
T11112 124.23529411764706 -24.622641509433965 124.98879517368941 -24.163258030091654 124.99433030031474 -25.07824419437932 123.47625793497936 -25.07824419437932 123.48179306160472 -24.163258030091654 97 0.45560268494535444 1
T11113 125.6470588235294 -24.622641509433965 126.40055987957176 -24.163258030091654 126.40609500619709 -25.07824419437932 124.88802264086172 -25.07824419437932 124.89355776748707 -24.16325803009165 98 0.4556026849453545 1
T11114 127.05882352941177 -24.622641509433965 127.8123245854541 -24.16325803009165 127.81785971207945 -25.07824419437932 126.29978734674407 -25.07824419437932 126.30532247336942 -24.163258030091654 99 0.45560268494535444 1
T11361 114.86381322957197 -23.77358490566037 115.61241973750506 -23.314274368161644 115.61770444364984 -24.229261586963453 114.1099220154941 -24.229261586963453 114.11520672163887 -23.314274368161648 100 0.4556766813030819 1
T11362 116.26459143968872 -23.77358490566037 117.0131979476218 -23.314274368161644 117.01848265376658 -24.229261586963453 115.51070022561085 -24.229261586963453 115.51598493175563 -23.314274368161644 101 0.4556766813030819 1
T11363 117.66536964980546 -23.77358490566037 118.41397615773855 -23.314274368161644 118.41926086388332 -24.229261586963453 116.91147843572759 -24.229261586963453 116.91676314187237 -23.314274368161644 102 0.4556766813030819 1
T11364 119.06614785992217 -23.77358490566037 119.81475436785527 -23.314274368161644 119.82003907400004 -24.229261586963453 118.31225664584431 -24.229261586963453 118.31754135198908 -23.314274368161644 103 0.4556766813030818 1
T11365 120.46692607003891 -23.77358490566037 121.21553257797201 -23.314274368161644 121.22081728411678 -24.229261586963453 119.71303485596106 -24.229261586963453 119.71831956210582 -23.314274368161644 104 0.4556766813030818 1
T11366 121.86770428015564 -23.77358490566037 122.61631078808873 -23.314274368161644 122.62159549423349 -24.229261586963453 121.11381306607777 -24.229261586963453 121.11909777222253 -23.314274368161644 105 0.4556766813030818 1
T11367 123.26848249027238 -23.77358490566037 124.01708899820547 -23.314274368161644 124.02237370435023 -24.229261586963453 122.51459127619451 -24.229261586963453 122.51987598233927 -23.314274368161644 106 0.4556766813030818 1
T11368 124.66926070038912 -23.77358490566037 125.4178672083222 -23.314274368161644 125.42315191446697 -24.229261586963453 123.91536948631125 -24.229261586963453 123.92065419245601 -23.314274368161644 107 0.4556766813030818 1
T11369 126.07003891050583 -23.77358490566037 126.81864541843892 -23.314274368161644 126.8239301245837 -24.229261586963453 125.31614769642796 -24.229261586963453 125.32143240257274 -23.314274368161644 108 0.4556766813030819 1
T11370 127.47081712062257 -23.77358490566037 128.21942362855566 -23.314274368161644 128.22470833470044 -24.229261586963453 126.7169259065447 -24.229261586963453 126.72221061268948 -23.314274368161644 109 0.4556766813030819 1
T11618 114.41860465116278 -22.92452830188679 115.16254207586431 -22.46528978044789 115.16758351636794 -23.38027799910132 113.66962578595762 -23.38027799910132 113.67466722646125 -22.465289780447886 110 0.45574969721452874 1
T11619 115.81395348837209 -22.92452830188679 116.55789091307362 -22.465289780447893 116.56293235357724 -23.380277999101324 115.06497462316693 -23.38027799910132 115.07001606367056 -22.465289780447893 111 0.45574969721453046 1
T11620 117.2093023255814 -22.92452830188679 117.95323975028293 -22.465289780447893 117.95828119078655 -23.38027799910132 116.46032346037624 -23.38027799910132 116.46536490087988 -22.465289780447893 112 0.45574969721452874 1
T11621 118.60465116279069 -22.92452830188679 119.34858858749222 -22.46528978044789 119.35363002799583 -23.38027799910132 117.85567229758553 -23.38027799910132 117.86071373808916 -22.46528978044789 113 0.45574969721452874 1
T11622 119.99999999999999 -22.92452830188679 120.74393742470151 -22.46528978044789 120.74897886520515 -23.38027799910132 119.25102113479484 -23.38027799910132 119.25606257529846 -22.46528978044789 114 0.45574969721452874 1
T11623 121.3953488372093 -22.92452830188679 122.13928626191083 -22.465289780447893 122.14432770241446 -23.380277999101324 120.64636997200415 -23.380277999101324 120.65141141250777 -22.46528978044789 115 0.4557496972145323 1
T11624 122.79069767441861 -22.92452830188679 123.53463509912011 -22.465289780447893 123.53967653962374 -23.38027799910132 122.04171880921345 -23.380277999101324 122.04676024971708 -22.465289780447893 116 0.45574969721453057 1
T11625 124.1860465116279 -22.92452830188679 124.92998393632942 -22.46528978044789 124.93502537683305 -23.38027799910132 123.43706764642273 -23.38027799910132 123.44210908692637 -22.465289780447886 117 0.45574969721452874 1
T11626 125.5813953488372 -22.92452830188679 126.32533277353873 -22.465289780447893 126.33037421404235 -23.380277999101324 124.83241648363204 -23.380277999101327 124.83745792413568 -22.465289780447893 118 0.45574969721453407 1
T11627 126.97674418604652 -22.92452830188679 127.72068161074804 -22.46528978044789 127.72572305125163 -23.38027799910132 126.22776532084136 -23.38027799910132 126.23280676134499 -22.46528978044789 119 0.45574969721452874 1
T11874 110.76923076923076 -22.07547169811321 111.50871835125533 -21.61630431550432 111.51352325073883 -22.531293481595384 110.02493828772269 -22.531293481595384 110.0297431872062 -21.61630431550432 120 0.4558217834821754 1
T11877 114.92307692307692 -22.07547169811321 115.66256450510149 -21.616304315504323 115.66736940458499 -22.531293481595387 114.17878444156885 -22.531293481595384 114.18358934105235 -21.616304315504323 121 0.45582178348217717 1
T11878 116.3076923076923 -22.07547169811321 117.04717988971687 -21.616304315504326 117.05198478920038 -22.531293481595387 115.56339982618424 -22.531293481595384 115.56820472566773 -21.616304315504323 122 0.45582178348217717 1
T11879 117.6923076923077 -22.07547169811321 118.43179527433227 -21.616304315504323 118.43660017381576 -22.531293481595387 116.94801521079962 -22.531293481595387 116.95282011028313 -21.616304315504323 123 0.45582178348217894 1
T11880 119.07692307692308 -22.07547169811321 119.81641065894766 -21.616304315504323 119.82121555843115 -22.531293481595387 118.33263059541501 -22.531293481595384 118.33743549489851 -21.616304315504323 124 0.45582178348217717 1
T11881 120.46153846153844 -22.07547169811321 121.20102604356302 -21.616304315504323 121.20583094304652 -22.531293481595387 119.71724598003037 -22.531293481595384 119.72205087951387 -21.616304315504323 125 0.4558217834821771 1
T11882 121.84615384615384 -22.07547169811321 122.58564142817838 -21.616304315504323 122.59044632766191 -22.531293481595387 121.10186136464576 -22.531293481595387 121.10666626412926 -21.616304315504323 126 0.45582178348217894 1
T11883 123.23076923076923 -22.07547169811321 123.97025681279379 -21.616304315504323 123.9750617122773 -22.531293481595387 122.48647674926116 -22.531293481595387 122.49128164874465 -21.616304315504323 127 0.45582178348217894 1
T11884 124.61538461538461 -22.07547169811321 125.35487219740916 -21.616304315504323 125.35967709689268 -22.531293481595387 123.87109213387654 -22.531293481595387 123.87589703336003 -21.616304315504323 128 0.45582178348217894 1
T11885 126.0 -22.07547169811321 126.73948758202457 -21.616304315504323 126.74429248150807 -22.531293481595387 125.25570751849193 -22.531293481595387 125.26051241797542 -21.616304315504323 129 0.45582178348217894 1
T11886 127.38461538461539 -22.07547169811321 128.12410296663995 -21.61630431550432 128.12890786612346 -22.531293481595384 126.64032290310732 -22.531293481595387 126.64512780259082 -21.616304315504323 130 0.4558217834821772 1
T12137 114.48275862068967 -21.226415094339615 115.21800975271893 -20.767318019947634 115.22258442919455 -21.682308083156066 113.74293281218479 -21.682308083156066 113.7475074886604 -20.76731801994763 131 0.4558929888164549 1
T12138 115.86206896551725 -21.226415094339615 116.5973200975465 -20.767318019947634 116.60189477402211 -21.682308083156066 115.12224315701236 -21.682308083156066 115.12681783348799 -20.767318019947634 132 0.45589298881645485 1
T12139 117.24137931034483 -21.226415094339615 117.97663044237409 -20.767318019947634 117.98120511884972 -21.682308083156066 116.50155350183996 -21.682308083156066 116.50612817831558 -20.767318019947634 133 0.45589298881645485 1
T12140 118.62068965517241 -21.226415094339615 119.35594078720166 -20.767318019947634 119.3605154636773 -21.682308083156066 117.88086384666755 -21.682308083156066 117.88543852314315 -20.767318019947634 134 0.45589298881645485 1
T12141 120.00000000000001 -21.226415094339615 120.73525113202928 -20.767318019947634 120.73982580850488 -21.682308083156066 119.26017419149512 -21.682308083156066 119.26474886797075 -20.767318019947634 135 0.45589298881645485 1
T12142 121.3793103448276 -21.226415094339615 122.11456147685685 -20.767318019947634 122.11913615333246 -21.682308083156066 120.63948453632271 -21.682308083156066 120.64405921279834 -20.767318019947634 136 0.45589298881645485 1
T12143 122.75862068965517 -21.226415094339615 123.49387182168444 -20.767318019947634 123.49844649816004 -21.682308083156066 122.01879488115028 -21.682308083156066 122.02336955762593 -20.767318019947634 137 0.45589298881645485 1
T12144 124.13793103448276 -21.226415094339615 124.87318216651202 -20.767318019947634 124.87775684298765 -21.682308083156066 123.39810522597787 -21.682308083156066 123.4026799024535 -20.767318019947634 138 0.4558929888164549 1
T12145 125.51724137931033 -21.226415094339615 126.2524925113396 -20.767318019947634 126.25706718781521 -21.682308083156066 124.77741557080546 -21.682308083156066 124.78199024728109 -20.767318019947634 139 0.45589298881645485 1
T12146 126.89655172413795 -21.226415094339615 127.6318028561672 -20.767318019947634 127.63637753264284 -21.682308083156066 126.15672591563306 -21.682308083156066 126.16130059210869 -20.767318019947634 140 0.4558929888164549 1
T12396 110.8745247148289 -20.377358490566035 111.60574729799254 -19.918330938590874 111.61009768462742 -20.8333218505458 110.13895174503038 -20.8333218505458 110.14330213166528 -19.918330938590874 141 0.45596335997976567 1
T12399 114.98098859315587 -20.377358490566035 115.71221117631951 -19.91833093859087 115.71656156295438 -20.8333218505458 114.24541562335736 -20.8333218505458 114.24976600999224 -19.918330938590874 142 0.4559633599797656 1
T12400 116.34980988593155 -20.377358490566035 117.08103246909518 -19.91833093859087 117.08538285573005 -20.8333218505458 115.61423691613304 -20.8333218505458 115.6185873027679 -19.918330938590874 143 0.4559633599797657 1
T12401 117.71863117870721 -20.377358490566035 118.44985376187084 -19.91833093859087 118.45420414850571 -20.8333218505458 116.98305820890872 -20.8333218505458 116.98740859554358 -19.91833093859087 144 0.4559633599797657 1
T12402 119.08745247148288 -20.377358490566035 119.81867505464652 -19.91833093859087 119.82302544128139 -20.833321850545797 118.35187950168435 -20.833321850545797 118.35622988831925 -19.91833093859087 145 0.4559633599797621 1
T12403 120.45627376425854 -20.377358490566035 121.18749634742218 -19.918330938590874 121.19184673405705 -20.8333218505458 119.72070079446004 -20.8333218505458 119.72505118109491 -19.918330938590877 146 0.4559633599797657 1
T12404 121.82509505703422 -20.377358490566035 122.55631764019785 -19.918330938590874 122.56066802683272 -20.8333218505458 121.0895220872357 -20.8333218505458 121.09387247387058 -19.918330938590874 147 0.4559633599797656 1
T12405 123.19391634980988 -20.377358490566035 123.92513893297351 -19.91833093859087 123.92948931960838 -20.8333218505458 122.45834338001139 -20.8333218505458 122.46269376664625 -19.91833093859087 148 0.4559633599797657 1
T12406 124.56273764258555 -20.377358490566035 125.29396022574919 -19.91833093859087 125.29831061238406 -20.8333218505458 123.82716467278705 -20.8333218505458 123.83151505942192 -19.91833093859087 149 0.4559633599797657 1
T12407 125.93155893536121 -20.377358490566035 126.66278151852485 -19.91833093859087 126.66713190515972 -20.8333218505458 125.19598596556271 -20.8333218505458 125.20033635219758 -19.91833093859087 150 0.4559633599797657 1
T12408 127.30038022813689 -20.377358490566035 128.03160281130053 -19.91833093859087 128.03595319793538 -20.8333218505458 126.56480725833838 -20.8333218505458 126.56915764497325 -19.918330938590874 151 0.4559633599797657 1
T12662 114.54545454545455 -19.528301886792452 115.27285132709271 -19.069343114568056 115.27698299227438 -19.98433482871323 113.81392609863468 -19.984334828713234 113.81805776381638 -19.06934311456806 152 0.45603294192078364 1
T12663 115.9090909090909 -19.528301886792452 116.63648769072907 -19.06934311456806 116.64061935591076 -19.984334828713234 115.17756246227104 -19.984334828713234 115.18169412745273 -19.06934311456806 153 0.45603294192078536 1
T12664 117.27272727272728 -19.528301886792452 118.00012405436544 -19.069343114568063 118.00425571954713 -19.984334828713234 116.54119882590741 -19.984334828713234 116.5453304910891 -19.06934311456806 154 0.45603294192078536 1
T12665 118.63636363636363 -19.528301886792452 119.36376041800179 -19.06934311456806 119.36789208318348 -19.984334828713234 117.90483518954376 -19.984334828713234 117.90896685472545 -19.06934311456806 155 0.45603294192078536 1
T12666 119.99999999999999 -19.528301886792452 120.72739678163816 -19.06934311456806 120.73152844681985 -19.984334828713234 119.26847155318013 -19.984334828713234 119.27260321836182 -19.06934311456806 156 0.45603294192078536 1
T12667 121.36363636363636 -19.528301886792452 122.09103314527454 -19.06934311456806 122.09516481045623 -19.984334828713237 120.63210791681651 -19.984334828713234 120.6362395819982 -19.06934311456806 157 0.45603294192078714 1
T12668 122.72727272727273 -19.528301886792452 123.45466950891091 -19.06934311456806 123.4588011740926 -19.984334828713237 121.99574428045287 -19.984334828713234 121.99987594563456 -19.069343114568056 158 0.4560329419207872 1
T12669 124.09090909090908 -19.528301886792452 124.81830587254726 -19.06934311456806 124.82243753772894 -19.984334828713234 123.35938064408921 -19.984334828713234 123.3635123092709 -19.069343114568063 159 0.4560329419207854 1
T12670 125.45454545454545 -19.528301886792452 126.18194223618362 -19.06934311456806 126.1860739013653 -19.984334828713234 124.72301700772559 -19.984334828713237 124.72714867290728 -19.06934311456806 160 0.4560329419207871 1
T12671 126.81818181818183 -19.528301886792452 127.54557859981999 -19.06934311456806 127.54971026500168 -19.984334828713234 126.08665337136196 -19.98433482871323 126.09078503654365 -19.06934311456806 161 0.4560329419207836 1
T12927 115.03759398496241 -18.679245283018858 115.7613628792769 -18.220354589450896 115.76528104511408 -19.135347060918647 114.30990692481075 -19.135347060918647 114.31382509064792 -18.220354589450896 162 0.4561017778997929 1
T12928 116.39097744360902 -18.679245283018858 117.1147463379235 -18.220354589450892 117.1186645037607 -19.135347060918647 115.66329038345735 -19.135347060918647 115.66720854929453 -18.220354589450892 163 0.4561017778997929 1
T12929 117.74436090225565 -18.679245283018858 118.46812979657014 -18.220354589450892 118.47204796240732 -19.135347060918644 117.01667384210398 -19.135347060918647 117.02059200794116 -18.220354589450892 164 0.456101777899791 1
T12930 119.09774436090225 -18.679245283018858 119.82151325521674 -18.220354589450892 119.82543142105392 -19.135347060918647 118.37005730075059 -19.135347060918647 118.37397546658777 -18.220354589450892 165 0.4561017778997929 1
T12931 120.45112781954889 -18.679245283018858 121.17489671386338 -18.220354589450892 121.17881487970055 -19.135347060918644 119.72344075939722 -19.135347060918647 119.7273589252344 -18.220354589450892 166 0.456101777899791 1
T12932 121.80451127819549 -18.679245283018858 122.52828017250998 -18.2203545894509 122.53219833834716 -19.135347060918647 121.07682421804382 -19.135347060918647 121.080742383881 -18.220354589450896 167 0.4561017778997929 1
T12933 123.1578947368421 -18.679245283018858 123.88166363115658 -18.220354589450892 123.88558179699376 -19.135347060918644 122.43020767669043 -19.135347060918647 122.4341258425276 -18.220354589450892 168 0.456101777899791 1
T12934 124.51127819548873 -18.679245283018858 125.23504708980322 -18.220354589450892 125.2389652556404 -19.135347060918647 123.78359113533706 -19.135347060918644 123.78750930117424 -18.220354589450892 169 0.4561017778997911 1
T12935 125.86466165413533 -18.679245283018858 126.58843054844982 -18.220354589450892 126.592348714287 -19.135347060918647 125.13697459398365 -19.135347060918647 125.14089275982084 -18.220354589450892 170 0.4561017778997929 1
T12936 127.21804511278197 -18.679245283018858 127.94181400709645 -18.220354589450892 127.94573217293366 -19.135347060918647 126.4903580526303 -19.135347060918647 126.49427621846748 -18.220354589450892 171 0.4561017778997929 1
T13726 111.07806691449814 -16.132075471698105 111.792095787712 -15.673385202064155 111.7954015733089 -16.58837969145113 110.36073225568738 -16.58837969145113 110.36403804128426 -15.673385202064155 172 0.45630421975302576 1
